timestamp,actual_TCP_pose_0,actual_TCP_pose_1,actual_TCP_pose_2,actual_TCP_pose_3,actual_TCP_pose_4,actual_TCP_pose_5,actual_TCP_speed_0,actual_TCP_speed_1,actual_TCP_speed_2,actual_TCP_speed_3,actual_TCP_speed_4,actual_TCP_speed_5
3080.176000,-0.122467,0.102124,0.257366,-2.102880,-2.286972,0.043118,-0.000003,-0.000000,0.000009,-0.000004,0.000048,0.000000
3080.184000,-0.122461,0.102132,0.257361,-2.102943,-2.286901,0.043104,-0.000003,-0.000000,0.000009,-0.000004,0.000048,0.000000
3080.200000,-0.122452,0.102134,0.257362,-2.103009,-2.286864,0.043130,-0.000003,-0.000000,0.000009,-0.000004,0.000048,0.000000
3080.208000,-0.122460,0.102124,0.257363,-2.102910,-2.286978,0.043130,-0.000003,-0.000000,0.000009,-0.000004,0.000048,0.000000
3080.232000,-0.122462,0.102134,0.257366,-2.102929,-2.286857,0.043094,-0.000003,-0.000000,0.000009,-0.000004,0.000048,0.000000
3080.240000,-0.122455,0.102135,0.257368,-2.102997,-2.286851,0.043131,-0.000003,-0.000000,0.000009,-0.000004,0.000048,0.000000
3080.248000,-0.122458,0.102128,0.257359,-2.102960,-2.286921,0.043143,-0.000003,-0.000000,0.000009,-0.000004,0.000048,0.000000
3080.256000,-0.122468,0.102130,0.257359,-2.103026,-2.286882,0.043039,-0.000756,-0.000061,-0.000808,0.000566,-0.007101,0.000004
3080.264000,-0.122475,0.102130,0.257370,-2.103012,-2.286840,0.043185,-0.000623,-0.000050,-0.000664,0.000465,-0.005839,0.000003
3080.272000,-0.122488,0.102122,0.257401,-2.102852,-2.286830,0.043376,-0.001247,-0.000109,0.001581,-0.000939,0.011043,0.000011
3080.280000,-0.122494,0.102127,0.257423,-2.102933,-2.286756,0.043349,-0.002607,-0.000230,0.001383,-0.000046,-0.000297,0.000058
3080.288000,-0.122506,0.102123,0.257419,-2.102829,-2.286805,0.043352,-0.000734,-0.000072,0.001226,-0.000145,0.001455,0.000041
3080.296000,-0.122514,0.102124,0.257433,-2.102845,-2.286713,0.043499,-0.002697,-0.000232,0.001937,-0.000991,0.011246,0.000026
3080.304000,-0.122533,0.102122,0.257442,-2.102762,-2.286788,0.043472,-0.001456,-0.000127,0.000791,-0.000164,0.001530,0.000025
3080.312000,-0.122541,0.102126,0.257477,-2.102826,-2.286639,0.043556,-0.001143,-0.000119,0.003320,-0.000889,0.010297,0.000080
3080.320000,-0.122563,0.102127,0.257495,-2.102698,-2.286609,0.043704,-0.003176,-0.000275,0.003374,-0.002022,0.023681,0.000023
3080.328000,-0.122571,0.102126,0.257509,-2.102764,-2.286516,0.043773,-0.001906,-0.000179,0.003677,-0.001498,0.017558,0.000061
3080.336000,-0.122598,0.102118,0.257550,-2.102620,-2.286525,0.043898,-0.002714,-0.000241,0.001363,0.000117,-0.002338,0.000067
3080.344000,-0.122610,0.102119,0.257565,-2.102627,-2.286452,0.044083,-0.003287,-0.000303,0.006411,-0.003160,0.037363,0.000075
3080.352000,-0.122636,0.102117,0.257589,-2.102585,-2.286378,0.044193,-0.003352,-0.000286,0.000678,0.000070,-0.001875,0.000040
3080.360000,-0.122649,0.102115,0.257598,-2.102552,-2.286454,0.044139,-0.001687,-0.000174,0.004762,-0.001399,0.016291,0.000108
3080.368000,-0.122684,0.102108,0.257619,-2.102485,-2.286438,0.044235,-0.004502,-0.000379,0.002271,-0.001565,0.017764,0.000011
3080.376000,-0.122705,0.102108,0.257656,-2.102407,-2.286352,0.044373,-0.002607,-0.000262,0.006784,-0.002174,0.025366,0.000144
3080.384000,-0.122734,0.102102,0.257679,-2.102400,-2.286348,0.044467,-0.004492,-0.000381,0.002102,-0.001202,0.013325,0.000025
3080.392000,-0.122761,0.102102,0.257710,-2.102320,-2.286231,0.044645,-0.004313,-0.000392,0.005123,-0.001657,0.018679,0.000115
3080.400000,-0.122781,0.102101,0.257730,-2.102363,-2.286226,0.044682,-0.002522,-0.000210,-0.000609,0.000629,-0.008390,0.000020
3080.408000,-0.122824,0.102099,0.257768,-2.102207,-2.286109,0.044865,-0.005319,-0.000459,0.002963,-0.001159,0.012477,0.000064
3080.416000,-0.122857,0.102093,0.257806,-2.102159,-2.286087,0.045000,-0.004715,-0.000466,0.010766,-0.003242,0.037524,0.000242
3080.424000,-0.122898,0.102091,0.257849,-2.102094,-2.285989,0.045191,-0.005072,-0.000433,0.002143,-0.000903,0.009473,0.000046
3080.432000,-0.122928,0.102094,0.257865,-2.102069,-2.285933,0.045232,-0.004694,-0.000444,0.007598,-0.002151,0.024420,0.000183
3080.440000,-0.122971,0.102082,0.257906,-2.102011,-2.285899,0.045372,-0.003739,-0.000321,0.000817,0.000224,-0.003892,0.000056
3080.448000,-0.123018,0.102078,0.257953,-2.101925,-2.285809,0.045654,-0.005569,-0.000494,0.005028,-0.001750,0.019480,0.000110
3080.456000,-0.123048,0.102083,0.257989,-2.101893,-2.285691,0.045725,-0.006181,-0.000605,0.012853,-0.003596,0.041284,0.000307
3080.464000,-0.123097,0.102071,0.258041,-2.101746,-2.285671,0.045969,-0.005270,-0.000462,0.003877,-0.001358,0.014851,0.000087
3080.472000,-0.123152,0.102067,0.258121,-2.101564,-2.285556,0.046257,-0.006917,-0.000656,0.011890,-0.003621,0.041441,0.000270
3080.480000,-0.123200,0.102059,0.258196,-2.101496,-2.285374,0.046610,-0.005819,-0.000534,0.007369,-0.002212,0.024848,0.000174
3080.488000,-0.123246,0.102051,0.258250,-2.101361,-2.285340,0.046828,-0.005959,-0.000528,0.004879,-0.001551,0.016913,0.000117
3080.496000,-0.123291,0.102059,0.258286,-2.101398,-2.285159,0.046899,-0.006886,-0.000639,0.010027,-0.003194,0.036392,0.000223
3080.504000,-0.123341,0.102049,0.258355,-2.101233,-2.285120,0.047184,-0.005969,-0.000527,0.005056,-0.001778,0.019694,0.000110
3080.512000,-0.123400,0.102045,0.258431,-2.101186,-2.284906,0.047550,-0.007097,-0.000648,0.008772,-0.002742,0.030884,0.000201
3080.520000,-0.123460,0.102041,0.258488,-2.101010,-2.284853,0.047755,-0.007951,-0.000746,0.013039,-0.004262,0.048926,0.000280
3080.528000,-0.123514,0.102033,0.258553,-2.100909,-2.284745,0.048026,-0.006555,-0.000596,0.007347,-0.002138,0.023743,0.000179
3080.536000,-0.123570,0.102026,0.258633,-2.100762,-2.284588,0.048433,-0.007419,-0.000674,0.008485,-0.002577,0.028786,0.000200
3080.544000,-0.123632,0.102022,0.258715,-2.100674,-2.284411,0.048694,-0.008093,-0.000747,0.011403,-0.003704,0.042166,0.000250
3080.552000,-0.123700,0.102014,0.258788,-2.100536,-2.284291,0.049046,-0.007648,-0.000697,0.009261,-0.002986,0.033673,0.000207
3080.560000,-0.123758,0.102010,0.258871,-2.100400,-2.284146,0.049372,-0.008014,-0.000724,0.008880,-0.002850,0.031933,0.000202
3080.568000,-0.123824,0.102006,0.258938,-2.100271,-2.284005,0.049607,-0.008637,-0.000796,0.011831,-0.003774,0.042833,0.000264
3080.576000,-0.123891,0.102000,0.259030,-2.100107,-2.283829,0.050026,-0.008393,-0.000761,0.009933,-0.003307,0.037345,0.000217
3080.584000,-0.123961,0.101994,0.259099,-2.099997,-2.283739,0.050233,-0.008242,-0.000741,0.008575,-0.002732,0.030437,0.000197
3080.592000,-0.124025,0.101986,0.259161,-2.099929,-2.283613,0.050543,-0.009018,-0.000823,0.011207,-0.003649,0.041242,0.000248
3080.600000,-0.124093,0.101988,0.259247,-2.099762,-2.283403,0.050871,-0.008833,-0.000797,0.009889,-0.003288,0.037000,0.000217
3080.608000,-0.124171,0.101974,0.259331,-2.099553,-2.283315,0.051214,-0.008844,-0.000790,0.008730,-0.002960,0.033045,0.000192
3080.616000,-0.124245,0.101964,0.259412,-2.099415,-2.283196,0.051617,-0.009305,-0.000850,0.011594,-0.003729,0.042096,0.000259
3080.624000,-0.124314,0.101966,0.259513,-2.099330,-2.282912,0.051973,-0.009742,-0.000897,0.013210,-0.004208,0.047732,0.000294
3080.632000,-0.124396,0.101957,0.259617,-2.099078,-2.282749,0.052396,-0.009427,-0.000851,0.010563,-0.003497,0.039316,0.000232
3080.640000,-0.124477,0.101945,0.259707,-2.098909,-2.282624,0.052841,-0.009679,-0.000877,0.011253,-0.003714,0.041838,0.000247
3080.648000,-0.124554,0.101940,0.259798,-2.098802,-2.282430,0.053220,-0.009945,-0.000904,0.011767,-0.003735,0.041985,0.000266
3080.656000,-0.124635,0.101931,0.259887,-2.098612,-2.282278,0.053562,-0.010028,-0.000913,0.011912,-0.003758,0.042214,0.000271
3080.664000,-0.124717,0.101927,0.259985,-2.098533,-2.282058,0.053916,-0.010142,-0.000928,0.012451,-0.003720,0.041669,0.000294
3080.672000,-0.124802,0.101918,0.260094,-2.098289,-2.281877,0.054404,-0.010521,-0.000955,0.012285,-0.003907,0.043871,0.000278
3080.680000,-0.124892,0.101909,0.260203,-2.098086,-2.281657,0.054868,-0.011052,-0.001000,0.012382,-0.003949,0.044214,0.000281
3080.688000,-0.124978,0.101898,0.260293,-2.097942,-2.281531,0.055235,-0.011078,-0.001001,0.012308,-0.003979,0.044572,0.000276
3080.696000,-0.125061,0.101892,0.260398,-2.097785,-2.281281,0.055709,-0.011094,-0.001005,0.012615,-0.004014,0.044978,0.000286
3080.704000,-0.125154,0.101883,0.260486,-2.097553,-2.281222,0.055982,-0.011290,-0.001029,0.013524,-0.004190,0.046974,0.000311
3080.712000,-0.125246,0.101875,0.260613,-2.097367,-2.280942,0.056577,-0.011717,-0.001066,0.013910,-0.004422,0.049682,0.000314
3080.720000,-0.125337,0.101868,0.260712,-2.097256,-2.280740,0.056944,-0.011467,-0.001042,0.013831,-0.004552,0.051364,0.000302
3080.728000,-0.125428,0.101859,0.260834,-2.096971,-2.280515,0.057501,-0.011847,-0.001076,0.014106,-0.004669,0.052658,0.000307
3080.736000,-0.125517,0.101852,0.260943,-2.096840,-2.280320,0.057855,-0.012095,-0.001102,0.014472,-0.004523,0.050756,0.000330
3080.744000,-0.125616,0.101841,0.261053,-2.096653,-2.280120,0.058356,-0.012293,-0.001113,0.013904,-0.004432,0.049628,0.000314
3080.752000,-0.125713,0.101840,0.261167,-2.096496,-2.279867,0.058752,-0.012416,-0.001123,0.013703,-0.004263,0.047550,0.000316
3080.760000,-0.125814,0.101826,0.261299,-2.096274,-2.279632,0.059385,-0.012668,-0.001149,0.014577,-0.004611,0.051677,0.000330
3080.768000,-0.125920,0.101811,0.261404,-2.095997,-2.279526,0.059794,-0.012771,-0.001159,0.014700,-0.004650,0.052073,0.000333
3080.776000,-0.126020,0.101807,0.261516,-2.095859,-2.279267,0.060228,-0.012972,-0.001174,0.014635,-0.004670,0.052283,0.000330
3080.784000,-0.126123,0.101800,0.261647,-2.095640,-2.279004,0.060782,-0.013230,-0.001192,0.014326,-0.004705,0.052674,0.000316
3080.792000,-0.126239,0.101786,0.261762,-2.095407,-2.278779,0.061313,-0.013242,-0.001196,0.014710,-0.004761,0.053300,0.000328
3080.800000,-0.126343,0.101776,0.261878,-2.095197,-2.278610,0.061746,-0.013568,-0.001231,0.015665,-0.004996,0.055993,0.000352
3080.808000,-0.126451,0.101771,0.262000,-2.095017,-2.278334,0.062248,-0.013992,-0.001264,0.015658,-0.005095,0.057101,0.000347
3080.816000,-0.126573,0.101756,0.262139,-2.094766,-2.278091,0.062844,-0.014106,-0.001276,0.016243,-0.005474,0.061653,0.000347
3080.824000,-0.126684,0.101750,0.262261,-2.094533,-2.277839,0.063345,-0.014290,-0.001295,0.016471,-0.005347,0.060033,0.000364
3080.832000,-0.126796,0.101735,0.262388,-2.094345,-2.277640,0.063873,-0.014552,-0.001321,0.017322,-0.005688,0.064041,0.000377
3080.840000,-0.126912,0.101722,0.262518,-2.094135,-2.277416,0.064426,-0.014687,-0.001327,0.016596,-0.005502,0.061786,0.000360
3080.848000,-0.127027,0.101718,0.262669,-2.093844,-2.277102,0.065060,-0.014587,-0.001322,0.016919,-0.005477,0.061499,0.000373
3080.856000,-0.127144,0.101708,0.262807,-2.093669,-2.276833,0.065576,-0.014827,-0.001349,0.017856,-0.005657,0.063553,0.000399
3080.864000,-0.127265,0.101695,0.262934,-2.093399,-2.276594,0.066106,-0.015168,-0.001369,0.016883,-0.005546,0.062148,0.000370
3080.896000,-0.127759,0.101650,0.263524,-2.092357,-2.275531,0.068564,-0.015744,-0.001420,0.017442,-0.005801,0.065051,0.000377
3080.904000,-0.127891,0.101639,0.263666,-2.092152,-2.275199,0.069161,-0.015756,-0.001425,0.017811,-0.005801,0.065012,0.000391
3080.912000,-0.128020,0.101621,0.263804,-2.091817,-2.275087,0.069713,-0.015842,-0.001440,0.018621,-0.005857,0.065556,0.000419
3080.920000,-0.128147,0.101615,0.263945,-2.091613,-2.274729,0.070309,-0.016285,-0.001466,0.017666,-0.005899,0.066048,0.000381
3080.928000,-0.128285,0.101601,0.264109,-2.091353,-2.274423,0.070960,-0.016539,-0.001501,0.019302,-0.006141,0.068779,0.000430
3080.936000,-0.128412,0.101591,0.264260,-2.091071,-2.274147,0.071565,-0.017059,-0.001549,0.020260,-0.006603,0.074205,0.000441
3080.944000,-0.128550,0.101575,0.264427,-2.090789,-2.273816,0.072321,-0.017252,-0.001567,0.020526,-0.006685,0.075117,0.000446
3080.952000,-0.128693,0.101564,0.264606,-2.090493,-2.273497,0.072971,-0.017424,-0.001582,0.020400,-0.006538,0.073273,0.000450
3080.960000,-0.128837,0.101545,0.264761,-2.090221,-2.273236,0.073684,-0.017555,-0.001588,0.020177,-0.006722,0.075485,0.000431
3080.968000,-0.128978,0.101540,0.264931,-2.089858,-2.272894,0.074346,-0.017696,-0.001601,0.020471,-0.006876,0.077319,0.000433
3080.976000,-0.129110,0.101531,0.265088,-2.089699,-2.272507,0.075007,-0.017886,-0.001615,0.019890,-0.006406,0.071581,0.000439
3080.984000,-0.129255,0.101515,0.265237,-2.089406,-2.272332,0.075609,-0.018014,-0.001636,0.021316,-0.006820,0.076477,0.000469
3080.992000,-0.129405,0.101499,0.265411,-2.089080,-2.272007,0.076300,-0.018271,-0.001647,0.020304,-0.006818,0.076434,0.000431
3081.000000,-0.129549,0.101489,0.265566,-2.088844,-2.271642,0.076963,-0.018446,-0.001669,0.020933,-0.006768,0.075712,0.000459
3081.008000,-0.129696,0.101471,0.265738,-2.088502,-2.271386,0.077713,-0.018374,-0.001667,0.021317,-0.006808,0.076170,0.000471
3081.016000,-0.129847,0.101458,0.265920,-2.088176,-2.271035,0.078455,-0.018803,-0.001704,0.021817,-0.007101,0.079580,0.000473
3081.024000,-0.130006,0.101443,0.266098,-2.087899,-2.270709,0.079118,-0.018964,-0.001722,0.022349,-0.007150,0.080062,0.000491
3081.032000,-0.130156,0.101436,0.266263,-2.087587,-2.270400,0.079787,-0.019042,-0.001726,0.021929,-0.006941,0.077563,0.000487
3081.040000,-0.130319,0.101414,0.266444,-2.087222,-2.270144,0.080490,-0.019072,-0.001727,0.021755,-0.006973,0.077888,0.000479
3081.040000,-0.130319,0.101414,0.266444,-2.087222,-2.270144,0.080490,-0.019072,-0.001727,0.021755,-0.006973,0.077888,0.000479
3081.056000,-0.130626,0.101390,0.266801,-2.086702,-2.269367,0.081972,-0.019628,-0.001778,0.022467,-0.007205,0.080514,0.000493
3081.064000,-0.130777,0.101380,0.266979,-2.086394,-2.269065,0.082653,-0.019830,-0.001797,0.023237,-0.007596,0.085210,0.000499
3081.072000,-0.130938,0.101366,0.267171,-2.086050,-2.268694,0.083460,-0.019942,-0.001811,0.023852,-0.007706,0.086461,0.000516
3081.080000,-0.131094,0.101348,0.267358,-2.085720,-2.268369,0.084252,-0.020025,-0.001804,0.022186,-0.007445,0.083371,0.000468
3081.088000,-0.131259,0.101337,0.267533,-2.085490,-2.267986,0.084976,-0.020445,-0.001851,0.023797,-0.007822,0.087750,0.000508
3081.096000,-0.131420,0.101322,0.267717,-2.085070,-2.267639,0.085757,-0.020397,-0.001833,0.022039,-0.007431,0.083098,0.000463
3081.104000,-0.131598,0.101305,0.267890,-2.084795,-2.267344,0.086404,-0.020830,-0.001884,0.024110,-0.008024,0.090023,0.000508
3081.112000,-0.131754,0.101290,0.268069,-2.084459,-2.267067,0.087137,-0.021011,-0.001902,0.024670,-0.008201,0.092096,0.000519
3081.120000,-0.131927,0.101275,0.268278,-2.084080,-2.266601,0.088041,-0.021417,-0.001935,0.024725,-0.008400,0.094384,0.000510
3081.128000,-0.132105,0.101258,0.268486,-2.083735,-2.266232,0.088871,-0.021456,-0.001946,0.025286,-0.008176,0.091555,0.000545
3081.136000,-0.132276,0.101238,0.268688,-2.083326,-2.265873,0.089756,-0.021547,-0.001944,0.024338,-0.008219,0.092114,0.000506
3081.144000,-0.132449,0.101225,0.268889,-2.082996,-2.265465,0.090611,-0.021830,-0.001974,0.025050,-0.008261,0.092490,0.000531
3081.152000,-0.132632,0.101215,0.269110,-2.082588,-2.264965,0.091525,-0.021698,-0.001962,0.025320,-0.008535,0.095883,0.000523
3081.160000,-0.132808,0.101190,0.269295,-2.082295,-2.264654,0.092291,-0.021976,-0.001981,0.024431,-0.008152,0.091124,0.000513
3081.168000,-0.132977,0.101176,0.269511,-2.081859,-2.264293,0.093172,-0.022429,-0.002028,0.025512,-0.008294,0.092637,0.000547
3081.176000,-0.133154,0.101162,0.269702,-2.081612,-2.263866,0.093962,-0.022584,-0.002034,0.024589,-0.008030,0.089460,0.000528
3081.184000,-0.133344,0.101146,0.269891,-2.081234,-2.263536,0.094650,-0.022912,-0.002073,0.026096,-0.008358,0.093199,0.000567
3081.192000,-0.133524,0.101126,0.270111,-2.080838,-2.263084,0.095653,-0.022953,-0.002071,0.025420,-0.008241,0.091790,0.000547
3081.200000,-0.133721,0.101107,0.270329,-2.080419,-2.262687,0.096562,-0.023553,-0.002132,0.027181,-0.008903,0.099537,0.000576
3081.208000,-0.133907,0.101095,0.270551,-2.080014,-2.262250,0.097494,-0.023576,-0.002118,0.025204,-0.008431,0.093963,0.000528
3081.216000,-0.134099,0.101077,0.270761,-2.079594,-2.261877,0.098325,-0.023849,-0.002155,0.027431,-0.009170,0.102680,0.000569
3081.224000,-0.134289,0.101061,0.270982,-2.079272,-2.261424,0.099220,-0.023793,-0.002151,0.027186,-0.008878,0.099159,0.000577
3081.232000,-0.134462,0.101045,0.271213,-2.078916,-2.260933,0.100221,-0.023918,-0.002153,0.026394,-0.008815,0.098433,0.000550
3081.240000,-0.134669,0.101018,0.271416,-2.078502,-2.260625,0.101052,-0.023986,-0.002170,0.027554,-0.008997,0.100438,0.000583
3081.248000,-0.134857,0.101010,0.271622,-2.078140,-2.260205,0.101837,-0.024509,-0.002217,0.028508,-0.009415,0.105358,0.000595
3081.256000,-0.135052,0.100989,0.271865,-2.077696,-2.259725,0.102868,-0.024568,-0.002227,0.029042,-0.009541,0.106790,0.000608
3081.264000,-0.135256,0.100974,0.272092,-2.077335,-2.259284,0.103760,-0.024652,-0.002223,0.027560,-0.009070,0.101163,0.000579
3081.272000,-0.135458,0.100947,0.272341,-2.076804,-2.258848,0.104855,-0.025091,-0.002270,0.028889,-0.009498,0.106043,0.000605
3081.280000,-0.135657,0.100935,0.272564,-2.076453,-2.258360,0.105762,-0.025109,-0.002269,0.028865,-0.009603,0.107362,0.000597
3081.288000,-0.135856,0.100916,0.272782,-2.076051,-2.258011,0.106613,-0.025632,-0.002321,0.029743,-0.009667,0.107891,0.000628
3081.296000,-0.136057,0.100904,0.273034,-2.075616,-2.257460,0.107701,-0.025478,-0.002285,0.026882,-0.008981,0.099862,0.000559
3081.304000,-0.136269,0.100876,0.273266,-2.075218,-2.257007,0.108705,-0.026266,-0.002371,0.029616,-0.009735,0.108520,0.000620
3081.312000,-0.136471,0.100860,0.273490,-2.074720,-2.256629,0.109606,-0.026056,-0.002343,0.028556,-0.009689,0.108106,0.000580
3081.320000,-0.136679,0.100843,0.273714,-2.074384,-2.256162,0.110524,-0.026047,-0.002355,0.030072,-0.009890,0.110441,0.000625
3081.328000,-0.136897,0.100824,0.273965,-2.073887,-2.255672,0.111487,-0.026786,-0.002409,0.029027,-0.009641,0.107215,0.000603
3081.336000,-0.137103,0.100803,0.274202,-2.073498,-2.255204,0.112535,-0.026778,-0.002416,0.030159,-0.009989,0.111366,0.000624
3081.344000,-0.137320,0.100786,0.274435,-2.073088,-2.254734,0.113479,-0.027065,-0.002441,0.030479,-0.010092,0.112517,0.000630
3081.352000,-0.137540,0.100763,0.274682,-2.072559,-2.254301,0.114578,-0.026985,-0.002436,0.030318,-0.009869,0.109788,0.000637
3081.360000,-0.137760,0.100743,0.274926,-2.072103,-2.253805,0.115552,-0.027378,-0.002462,0.029789,-0.010027,0.111603,0.000607
3081.368000,-0.137970,0.100728,0.275177,-2.071714,-2.253253,0.116638,-0.027616,-0.002493,0.031442,-0.010332,0.115157,0.000652
3081.376000,-0.138197,0.100704,0.275409,-2.071274,-2.252859,0.117530,-0.027649,-0.002494,0.030928,-0.010114,0.112462,0.000645
3081.384000,-0.138424,0.100681,0.275676,-2.070820,-2.252346,0.118644,-0.027864,-0.002519,0.031925,-0.010403,0.115824,0.000665
3081.392000,-0.138641,0.100668,0.275910,-2.070388,-2.251847,0.119561,-0.028101,-0.002541,0.032484,-0.010641,0.118609,0.000672
3081.400000,-0.138859,0.100648,0.276181,-2.069883,-2.251362,0.120732,-0.028074,-0.002524,0.030975,-0.010460,0.116580,0.000624
3081.408000,-0.139088,0.100632,0.276428,-2.069469,-2.250834,0.121739,-0.028349,-0.002551,0.031777,-0.010723,0.119660,0.000638
3081.416000,-0.139311,0.100605,0.276673,-2.069023,-2.250383,0.122775,-0.028311,-0.002547,0.031105,-0.010332,0.114878,0.000637
3081.424000,-0.139551,0.100579,0.276941,-2.068502,-2.249874,0.123902,-0.029001,-0.002623,0.033571,-0.010973,0.122203,0.000693
3081.432000,-0.139777,0.100568,0.277213,-2.068080,-2.249281,0.124935,-0.028754,-0.002590,0.031971,-0.010503,0.116735,0.000659
3081.440000,-0.140018,0.100543,0.277464,-2.067610,-2.248828,0.125942,-0.029543,-0.002663,0.033019,-0.010833,0.120387,0.000680
3081.448000,-0.140250,0.100517,0.277748,-2.067086,-2.248293,0.127146,-0.029479,-0.002654,0.032158,-0.010495,0.116297,0.000668
3081.456000,-0.140480,0.100497,0.278012,-2.066574,-2.247825,0.128226,-0.029865,-0.002687,0.032893,-0.010989,0.122149,0.000665
3081.464000,-0.140707,0.100481,0.278262,-2.066197,-2.247284,0.129229,-0.029979,-0.002699,0.033013,-0.010755,0.119273,0.000684
3081.472000,-0.140956,0.100456,0.278530,-2.065666,-2.246791,0.130313,-0.029919,-0.002692,0.032856,-0.010810,0.119922,0.000674
3081.480000,-0.141202,0.100436,0.278795,-2.065140,-2.246245,0.131422,-0.030562,-0.002758,0.034925,-0.011555,0.128624,0.000707
3081.488000,-0.141439,0.100418,0.279047,-2.064774,-2.245723,0.132462,-0.030452,-0.002727,0.031837,-0.010605,0.117395,0.000648
3081.496000,-0.141697,0.100386,0.279313,-2.064186,-2.245330,0.133520,-0.031182,-0.002805,0.034857,-0.011882,0.132354,0.000684
3081.504000,-0.141931,0.100370,0.279573,-2.063770,-2.244773,0.134548,-0.030959,-0.002781,0.033809,-0.011399,0.126665,0.000673
3081.512000,-0.142182,0.100347,0.279854,-2.063249,-2.244209,0.135697,-0.031142,-0.002801,0.034589,-0.011607,0.129034,0.000689
3081.520000,-0.142430,0.100325,0.280130,-2.062804,-2.243623,0.136843,-0.031507,-0.002837,0.035692,-0.012031,0.133991,0.000704
3081.528000,-0.142686,0.100300,0.280397,-2.062264,-2.243146,0.137911,-0.031223,-0.002792,0.032368,-0.011103,0.123015,0.000635
3081.536000,-0.142935,0.100277,0.280691,-2.061682,-2.242542,0.139162,-0.031751,-0.002869,0.036934,-0.012223,0.136039,0.000739
3081.544000,-0.143194,0.100258,0.280966,-2.061225,-2.241965,0.140231,-0.031631,-0.002841,0.034691,-0.011796,0.131086,0.000679
3081.552000,-0.143449,0.100235,0.281252,-2.060717,-2.241451,0.141396,-0.032320,-0.002911,0.036558,-0.012243,0.136167,0.000723
3081.560000,-0.143707,0.100211,0.281539,-2.060183,-2.240848,0.142644,-0.032592,-0.002931,0.036516,-0.012402,0.138001,0.000711
3081.568000,-0.143972,0.100187,0.281833,-2.059610,-2.240280,0.143814,-0.032781,-0.002946,0.036607,-0.012549,0.139692,0.000704
3081.576000,-0.144235,0.100165,0.282126,-2.059154,-2.239629,0.145062,-0.032444,-0.002919,0.036597,-0.012344,0.137304,0.000715
3081.584000,-0.144503,0.100142,0.282431,-2.058566,-2.239048,0.146282,-0.033223,-0.002980,0.036012,-0.012198,0.135320,0.000704
3081.592000,-0.144761,0.100115,0.282720,-2.058006,-2.238500,0.147515,-0.033063,-0.002966,0.035813,-0.012096,0.134101,0.000701
3081.600000,-0.145037,0.100090,0.282993,-2.057498,-2.237977,0.148593,-0.033319,-0.002994,0.036769,-0.012385,0.137420,0.000719
3081.608000,-0.145308,0.100061,0.283289,-2.056942,-2.237437,0.149836,-0.033449,-0.003002,0.035929,-0.011924,0.131792,0.000717
3081.616000,-0.145578,0.100041,0.283592,-2.056384,-2.236741,0.151035,-0.033860,-0.003039,0.036648,-0.012333,0.136535,0.000718
3081.624000,-0.145845,0.100019,0.283910,-2.055797,-2.236139,0.152337,-0.033918,-0.003055,0.038682,-0.012962,0.144030,0.000754
3081.632000,-0.146120,0.099996,0.284203,-2.055332,-2.235504,0.153543,-0.033679,-0.003011,0.035118,-0.011953,0.132141,0.000681
3081.640000,-0.146391,0.099972,0.284490,-2.054676,-2.234979,0.154731,-0.034074,-0.003050,0.036449,-0.012524,0.138818,0.000695
3081.648000,-0.146665,0.099941,0.284781,-2.054141,-2.234407,0.155988,-0.034226,-0.003075,0.038128,-0.012978,0.144077,0.000729
3081.656000,-0.146948,0.099920,0.285092,-2.053666,-2.233733,0.157194,-0.034557,-0.003094,0.037227,-0.012809,0.142017,0.000706
3081.664000,-0.147230,0.099888,0.285398,-2.053006,-2.233180,0.158476,-0.034305,-0.003055,0.034103,-0.011897,0.131169,0.000645
3081.672000,-0.147510,0.099866,0.285715,-2.052393,-2.232517,0.159817,-0.035251,-0.003161,0.038429,-0.013108,0.145244,0.000732
3081.680000,-0.147798,0.099841,0.286022,-2.051839,-2.231857,0.161036,-0.034806,-0.003094,0.033675,-0.011694,0.128560,0.000642
3081.688000,-0.148066,0.099821,0.286330,-2.051289,-2.231216,0.162358,-0.035149,-0.003148,0.037679,-0.012750,0.140988,0.000725
3081.696000,-0.148349,0.099799,0.286637,-2.050705,-2.230579,0.163572,-0.036052,-0.003243,0.040776,-0.013632,0.151132,0.000787
3081.704000,-0.148635,0.099771,0.286943,-2.050117,-2.229944,0.164864,-0.035999,-0.003229,0.039243,-0.013203,0.146025,0.000756
3081.712000,-0.148942,0.099740,0.287277,-2.049459,-2.229288,0.166272,-0.036410,-0.003261,0.039081,-0.013273,0.146698,0.000745
3081.720000,-0.149222,0.099715,0.287576,-2.048858,-2.228693,0.167544,-0.036437,-0.003266,0.039787,-0.013582,0.150376,0.000750
3081.728000,-0.149515,0.099687,0.287888,-2.048396,-2.228038,0.168786,-0.035451,-0.003143,0.032920,-0.011336,0.123967,0.000633
3081.736000,-0.149810,0.099660,0.288191,-2.047789,-2.227456,0.169959,-0.036672,-0.003288,0.039705,-0.013379,0.147742,0.000760
3081.744000,-0.150105,0.099633,0.288532,-2.047119,-2.226790,0.171397,-0.037111,-0.003336,0.042219,-0.014370,0.159425,0.000789
3081.752000,-0.150402,0.099610,0.288845,-2.046562,-2.226109,0.172695,-0.037367,-0.003354,0.041872,-0.014295,0.158484,0.000780
3081.760000,-0.150705,0.099580,0.289189,-2.045905,-2.225399,0.174151,-0.036286,-0.003209,0.032674,-0.011372,0.124065,0.000620
3081.768000,-0.151003,0.099558,0.289528,-2.045268,-2.224700,0.175424,-0.037799,-0.003389,0.041338,-0.013985,0.154537,0.000780
3081.776000,-0.151305,0.099528,0.289862,-2.044614,-2.224053,0.176847,-0.038424,-0.003446,0.042193,-0.014254,0.157511,0.000796
3081.784000,-0.151603,0.099502,0.290177,-2.044002,-2.223418,0.178143,-0.036800,-0.003249,0.033204,-0.011906,0.130284,0.000603
3081.792000,-0.151912,0.099469,0.290519,-2.043431,-2.222700,0.179574,-0.037812,-0.003374,0.038768,-0.013140,0.144390,0.000735
3081.800000,-0.152231,0.099441,0.290840,-2.042775,-2.222063,0.180821,-0.038623,-0.003455,0.041347,-0.014233,0.157118,0.000761
3081.808000,-0.152536,0.099422,0.291190,-2.042122,-2.221277,0.182326,-0.038962,-0.003487,0.042364,-0.014534,0.160662,0.000779
3081.816000,-0.152853,0.099388,0.291495,-2.041512,-2.220695,0.183547,-0.038792,-0.003456,0.039160,-0.013448,0.147688,0.000729
3081.824000,-0.153165,0.099362,0.291832,-2.040839,-2.219991,0.184940,-0.038948,-0.003474,0.040092,-0.013694,0.150530,0.000747
3081.832000,-0.153484,0.099330,0.292170,-2.040171,-2.219354,0.186334,-0.039316,-0.003526,0.043598,-0.014822,0.163746,0.000805
3081.840000,-0.153790,0.099301,0.292498,-2.039574,-2.218655,0.187683,-0.039431,-0.003532,0.042915,-0.014592,0.160917,0.000793
3081.848000,-0.154103,0.099281,0.292827,-2.039011,-2.217910,0.189010,-0.039539,-0.003527,0.041576,-0.014484,0.159767,0.000748
3081.856000,-0.154424,0.099251,0.293148,-2.038383,-2.217285,0.190301,-0.039359,-0.003509,0.041162,-0.014380,0.158554,0.000737
3081.864000,-0.154737,0.099225,0.293482,-2.037782,-2.216584,0.191665,-0.039874,-0.003563,0.042208,-0.014210,0.156225,0.000790
3081.872000,-0.155063,0.099187,0.293817,-2.037109,-2.215939,0.193076,-0.040102,-0.003576,0.041850,-0.014546,0.160161,0.000752
3081.880000,-0.155384,0.099163,0.294179,-2.036426,-2.215144,0.194568,-0.038506,-0.003382,0.032680,-0.012061,0.131363,0.000565
3081.888000,-0.155700,0.099133,0.294500,-2.035783,-2.214529,0.195854,-0.040609,-0.003612,0.040868,-0.014171,0.155493,0.000740
3081.896000,-0.156022,0.099105,0.294825,-2.035174,-2.213813,0.197195,-0.040462,-0.003603,0.041290,-0.014228,0.156157,0.000750
3081.904000,-0.156337,0.099087,0.295180,-2.034462,-2.212986,0.198728,-0.040634,-0.003601,0.039633,-0.014023,0.153860,0.000699
3081.912000,-0.156680,0.099050,0.295485,-2.033888,-2.212364,0.199972,-0.041078,-0.003641,0.039727,-0.013978,0.153046,0.000707
3081.920000,-0.157007,0.099018,0.295789,-2.033344,-2.211779,0.201158,-0.041273,-0.003655,0.039687,-0.014141,0.154918,0.000693
3081.928000,-0.157338,0.098984,0.296093,-2.032625,-2.211183,0.202467,-0.040973,-0.003634,0.039842,-0.014069,0.154020,0.000702
3081.936000,-0.157664,0.098958,0.296414,-2.032060,-2.210467,0.203802,-0.041421,-0.003662,0.039115,-0.014119,0.154578,0.000671
3081.944000,-0.157997,0.098931,0.296718,-2.031443,-2.209823,0.205057,-0.041005,-0.003626,0.038501,-0.013691,0.149559,0.000675
3081.952000,-0.158326,0.098899,0.297031,-2.030782,-2.209190,0.206415,-0.041458,-0.003673,0.039929,-0.014135,0.154616,0.000699
3081.960000,-0.158654,0.098878,0.297351,-2.030223,-2.208396,0.207771,-0.041283,-0.003641,0.038014,-0.013795,0.150796,0.000646
3081.968000,-0.158983,0.098846,0.297669,-2.029607,-2.207703,0.209133,-0.041318,-0.003644,0.037729,-0.013637,0.148837,0.000646
3081.976000,-0.159314,0.098807,0.297991,-2.028840,-2.207111,0.210503,-0.040568,-0.003545,0.032457,-0.012555,0.136324,0.000516
3081.984000,-0.159659,0.098783,0.298289,-2.028289,-2.206429,0.211707,-0.041637,-0.003673,0.037601,-0.013399,0.145735,0.000657
3081.992000,-0.159975,0.098760,0.298574,-2.027844,-2.205692,0.213011,-0.041065,-0.003600,0.034403,-0.012703,0.137861,0.000579
3082.000000,-0.160320,0.098719,0.298858,-2.027152,-2.205178,0.214230,-0.041421,-0.003649,0.036243,-0.012884,0.139611,0.000638
3082.008000,-0.160640,0.098699,0.299153,-2.026601,-2.204494,0.215402,-0.041461,-0.003653,0.037546,-0.013633,0.148601,0.000633
3082.016000,-0.160981,0.098669,0.299463,-2.025967,-2.203783,0.216805,-0.041339,-0.003630,0.035603,-0.013125,0.142650,0.000593
3082.024000,-0.161313,0.098635,0.299751,-2.025334,-2.203200,0.218008,-0.041580,-0.003658,0.036561,-0.013351,0.145133,0.000614
3082.032000,-0.161641,0.098611,0.300039,-2.024732,-2.202539,0.219205,-0.041556,-0.003653,0.036617,-0.013521,0.147196,0.000602
3082.040000,-0.161967,0.098582,0.300329,-2.024263,-2.201882,0.220445,-0.041083,-0.003595,0.033929,-0.012825,0.139173,0.000545
3082.048000,-0.162295,0.098552,0.300624,-2.023523,-2.201257,0.221753,-0.041223,-0.003592,0.031057,-0.011881,0.127895,0.000503
3082.056000,-0.162635,0.098524,0.300875,-2.023080,-2.200644,0.222829,-0.041942,-0.003677,0.035097,-0.012967,0.140431,0.000581
3082.064000,-0.162965,0.098494,0.301168,-2.022368,-2.200026,0.224122,-0.041379,-0.003613,0.032396,-0.012267,0.132351,0.000525
3082.072000,-0.163289,0.098467,0.301422,-2.021888,-2.199423,0.225197,-0.041877,-0.003666,0.034194,-0.012737,0.137685,0.000561
3082.080000,-0.163628,0.098432,0.301714,-2.021284,-2.198802,0.226496,-0.041460,-0.003609,0.030508,-0.011635,0.124770,0.000497
3082.088000,-0.163966,0.098405,0.301990,-2.020705,-2.198121,0.227777,-0.041814,-0.003644,0.032022,-0.012319,0.132818,0.000505
3082.096000,-0.164302,0.098377,0.302268,-2.020068,-2.197500,0.228958,-0.041843,-0.003639,0.031242,-0.012282,0.132398,0.000477
3082.104000,-0.164637,0.098343,0.302527,-2.019605,-2.196900,0.230111,-0.041606,-0.003620,0.030593,-0.011798,0.126618,0.000485
3082.112000,-0.164963,0.098322,0.302780,-2.019082,-2.196326,0.231146,-0.041915,-0.003649,0.031294,-0.011974,0.128614,0.000499
3082.120000,-0.165308,0.098284,0.303016,-2.018507,-2.195889,0.232177,-0.042362,-0.003695,0.032972,-0.012656,0.136479,0.000515
3082.128000,-0.165642,0.098264,0.303285,-2.017980,-2.195232,0.233300,-0.042231,-0.003689,0.034048,-0.012927,0.139747,0.000534
3082.136000,-0.165978,0.098229,0.303531,-2.017432,-2.194693,0.234432,-0.041939,-0.003644,0.030135,-0.011642,0.124591,0.000477
3082.144000,-0.166322,0.098201,0.303755,-2.017002,-2.194141,0.235377,-0.042406,-0.003682,0.030554,-0.012065,0.129506,0.000462
3082.152000,-0.166655,0.098176,0.304020,-2.016420,-2.193475,0.236567,-0.041887,-0.003645,0.031785,-0.012421,0.133858,0.000480
3082.160000,-0.167002,0.098140,0.304273,-2.015931,-2.192928,0.237701,-0.043064,-0.003755,0.033772,-0.013040,0.140733,0.000514
3082.168000,-0.167340,0.098116,0.304526,-2.015398,-2.192290,0.238812,-0.042607,-0.003697,0.030864,-0.012269,0.131841,0.000456
3082.176000,-0.167693,0.098074,0.304760,-2.014822,-2.191833,0.239931,-0.042378,-0.003681,0.030819,-0.012193,0.130904,0.000459
3082.184000,-0.168032,0.098056,0.305012,-2.014297,-2.191174,0.241024,-0.042251,-0.003668,0.030640,-0.012035,0.129099,0.000461
3082.192000,-0.168379,0.098022,0.305247,-2.013806,-2.190612,0.242082,-0.042276,-0.003651,0.027693,-0.011373,0.121304,0.000397
3082.200000,-0.168719,0.097991,0.305486,-2.013250,-2.190062,0.243192,-0.042548,-0.003694,0.030884,-0.012216,0.131090,0.000457
3082.208000,-0.169053,0.097967,0.305714,-2.012783,-2.189477,0.244250,-0.042213,-0.003655,0.029631,-0.011950,0.128125,0.000425
3082.216000,-0.169400,0.097934,0.305948,-2.012220,-2.188940,0.245313,-0.042213,-0.003652,0.029100,-0.011861,0.127050,0.000411
3082.224000,-0.169739,0.097905,0.306184,-2.011699,-2.188372,0.246387,-0.042582,-0.003690,0.029858,-0.011907,0.127383,0.000437
3082.232000,-0.170076,0.097875,0.306432,-2.011143,-2.187790,0.247486,-0.042660,-0.003683,0.027999,-0.011549,0.123170,0.000392
3082.240000,-0.170420,0.097848,0.306660,-2.010660,-2.187154,0.248574,-0.042734,-0.003692,0.028417,-0.011632,0.124101,0.000401
3082.248000,-0.170750,0.097816,0.306875,-2.010171,-2.186678,0.249546,-0.042422,-0.003650,0.025520,-0.010773,0.114052,0.000353
3082.256000,-0.171081,0.097794,0.307072,-2.009743,-2.186125,0.250466,-0.042469,-0.003666,0.027300,-0.011040,0.117104,0.000400
3082.264000,-0.171424,0.097762,0.307303,-2.009166,-2.185520,0.251627,-0.042694,-0.003679,0.027129,-0.011384,0.121183,0.000367
3082.272000,-0.171771,0.097730,0.307529,-2.008662,-2.185005,0.252672,-0.043046,-0.003713,0.027981,-0.011662,0.124320,0.000379
3082.280000,-0.172112,0.097707,0.307768,-2.008139,-2.184375,0.253751,-0.043131,-0.003720,0.028247,-0.011798,0.125925,0.000378
3082.288000,-0.172452,0.097673,0.307970,-2.007639,-2.183885,0.254750,-0.042930,-0.003683,0.024727,-0.010778,0.113941,0.000319
3082.296000,-0.172793,0.097641,0.308159,-2.007207,-2.183391,0.255709,-0.043219,-0.003710,0.025362,-0.011029,0.116806,0.000325
3082.304000,-0.173133,0.097615,0.308348,-2.006758,-2.182925,0.256573,-0.042727,-0.003657,0.022726,-0.009980,0.104522,0.000301
3082.312000,-0.173481,0.097581,0.308563,-2.006251,-2.182370,0.257624,-0.043716,-0.003755,0.025605,-0.011018,0.116422,0.000336
3082.320000,-0.173831,0.097554,0.308764,-2.005794,-2.181815,0.258593,-0.043471,-0.003725,0.024319,-0.010720,0.113027,0.000307
3082.328000,-0.174165,0.097528,0.308989,-2.005182,-2.181279,0.259686,-0.043596,-0.003740,0.025010,-0.010883,0.114885,0.000321
3082.336000,-0.174514,0.097495,0.309193,-2.004735,-2.180741,0.260685,-0.043517,-0.003724,0.023622,-0.010606,0.111661,0.000287
3082.344000,-0.174873,0.097459,0.309380,-2.004283,-2.180304,0.261581,-0.043458,-0.003728,0.024555,-0.010647,0.112018,0.000319
3082.352000,-0.175225,0.097426,0.309562,-2.003856,-2.179759,0.262569,-0.043556,-0.003729,0.023496,-0.010455,0.109735,0.000293
3082.360000,-0.175563,0.097407,0.309767,-2.003392,-2.179167,0.263541,-0.043226,-0.003701,0.023712,-0.010504,0.110462,0.000295
3082.368000,-0.175921,0.097368,0.309927,-2.002861,-2.178849,0.264354,-0.043005,-0.003666,0.020839,-0.009822,0.102500,0.000236
3082.376000,-0.176254,0.097343,0.310097,-2.002519,-2.178326,0.265272,-0.043225,-0.003691,0.021721,-0.009846,0.102652,0.000268
3082.384000,-0.176603,0.097316,0.310264,-2.002037,-2.177861,0.266072,-0.043057,-0.003674,0.021714,-0.010139,0.106221,0.000244
3082.392000,-0.176948,0.097285,0.310432,-2.001667,-2.177383,0.266956,-0.043273,-0.003697,0.022935,-0.010609,0.111699,0.000254
3082.400000,-0.177307,0.097252,0.310598,-2.001242,-2.176944,0.267799,-0.043591,-0.003716,0.021492,-0.010166,0.106349,0.000234
3082.408000,-0.177659,0.097223,0.310786,-2.000765,-2.176399,0.268812,-0.043353,-0.003698,0.021870,-0.010299,0.107992,0.000236
3082.416000,-0.178007,0.097192,0.310937,-2.000411,-2.175990,0.269605,-0.043421,-0.003701,0.021283,-0.010032,0.104782,0.000234
3082.424000,-0.178340,0.097168,0.311097,-2.000009,-2.175455,0.270410,-0.043586,-0.003717,0.021702,-0.010207,0.106783,0.000236
3082.432000,-0.178698,0.097137,0.311267,-1.999527,-2.175016,0.271354,-0.043407,-0.003681,0.018493,-0.009456,0.098086,0.000171
3082.440000,-0.179052,0.097104,0.311451,-1.998976,-2.174477,0.272321,-0.044075,-0.003755,0.021125,-0.010104,0.105368,0.000223
3082.448000,-0.179391,0.097082,0.311574,-1.998726,-2.174091,0.273063,-0.043846,-0.003724,0.019671,-0.009657,0.100258,0.000200
3082.456000,-0.179750,0.097043,0.311746,-1.998192,-2.173682,0.273931,-0.043737,-0.003726,0.021053,-0.010066,0.105001,0.000220
3082.464000,-0.180104,0.097011,0.311906,-1.997835,-2.173191,0.274813,-0.043693,-0.003710,0.018948,-0.009454,0.097812,0.000187
3082.472000,-0.180459,0.096979,0.312069,-1.997390,-2.172730,0.275690,-0.043726,-0.003716,0.020045,-0.010003,0.104294,0.000185
3082.480000,-0.180809,0.096955,0.312209,-1.996980,-2.172267,0.276437,-0.043473,-0.003685,0.017877,-0.009173,0.094574,0.000166
3082.488000,-0.181151,0.096929,0.312360,-1.996588,-2.171807,0.277235,-0.044061,-0.003734,0.018166,-0.009380,0.096847,0.000163
3082.496000,-0.181504,0.096897,0.312515,-1.996143,-2.171345,0.278111,-0.043760,-0.003704,0.017381,-0.009255,0.095491,0.000140
3082.504000,-0.181856,0.096868,0.312655,-1.995768,-2.170912,0.278935,-0.044244,-0.003745,0.018011,-0.009622,0.099698,0.000137
3082.512000,-0.182213,0.096837,0.312775,-1.995409,-2.170544,0.279634,-0.043742,-0.003700,0.016771,-0.008986,0.092281,0.000137
3082.520000,-0.182562,0.096810,0.312915,-1.995046,-2.170100,0.280454,-0.044292,-0.003744,0.017342,-0.009408,0.097152,0.000127
3082.528000,-0.182916,0.096785,0.313055,-1.994656,-2.169580,0.281267,-0.044008,-0.003723,0.017461,-0.009255,0.095380,0.000142
3082.536000,-0.183274,0.096745,0.313203,-1.994146,-2.169205,0.282120,-0.043995,-0.003712,0.015786,-0.009027,0.092725,0.000096
3082.544000,-0.183623,0.096724,0.313316,-1.993831,-2.168778,0.282823,-0.044506,-0.003764,0.017786,-0.009566,0.098895,0.000131
3082.552000,-0.183965,0.096690,0.313461,-1.993421,-2.168300,0.283691,-0.044028,-0.003716,0.016219,-0.009134,0.093952,0.000103
3082.560000,-0.184325,0.096660,0.313578,-1.993049,-2.167918,0.284413,-0.044150,-0.003725,0.016338,-0.009319,0.096121,0.000092
3082.568000,-0.184681,0.096623,0.313702,-1.992663,-2.167582,0.285177,-0.044128,-0.003723,0.015191,-0.008665,0.088305,0.000101
3082.576000,-0.185040,0.096599,0.313826,-1.992295,-2.167063,0.285986,-0.043808,-0.003681,0.014140,-0.008985,0.092406,0.000032
3082.584000,-0.185391,0.096569,0.313934,-1.991904,-2.166684,0.286717,-0.044403,-0.003735,0.013890,-0.008530,0.086705,0.000062
3082.592000,-0.185733,0.096546,0.314032,-1.991644,-2.166289,0.287330,-0.044132,-0.003709,0.013146,-0.008144,0.082226,0.000063
3082.600000,-0.186086,0.096509,0.314135,-1.991254,-2.165919,0.288130,-0.044521,-0.003747,0.014025,-0.008418,0.085272,0.000076
3082.608000,-0.186446,0.096481,0.314268,-1.990803,-2.165496,0.288909,-0.044848,-0.003768,0.013177,-0.008351,0.084426,0.000050
3082.616000,-0.186799,0.096451,0.314380,-1.990494,-2.165049,0.289650,-0.044767,-0.003762,0.013928,-0.008794,0.089719,0.000042
3082.624000,-0.187152,0.096430,0.314476,-1.990129,-2.164691,0.290271,-0.044545,-0.003734,0.012073,-0.008080,0.081375,0.000027
3082.632000,-0.187509,0.096391,0.314573,-1.989761,-2.164344,0.291012,-0.044695,-0.003750,0.012809,-0.008502,0.086299,0.000021
3082.640000,-0.187873,0.096357,0.314655,-1.989487,-2.164022,0.291642,-0.044724,-0.003753,0.012573,-0.008341,0.084345,0.000025
3082.648000,-0.188231,0.096328,0.314768,-1.989078,-2.163620,0.292386,-0.044842,-0.003751,0.010216,-0.007572,0.075241,-0.000002
3082.656000,-0.188593,0.096293,0.314863,-1.988748,-2.163235,0.293125,-0.044502,-0.003721,0.010716,-0.008125,0.081963,-0.000030
3082.664000,-0.188944,0.096269,0.314930,-1.988470,-2.162862,0.293684,-0.045067,-0.003773,0.011091,-0.007960,0.079740,0.000000
3082.672000,-0.189307,0.096244,0.315015,-1.988178,-2.162456,0.294329,-0.044923,-0.003756,0.010641,-0.007938,0.079578,-0.000016
3082.680000,-0.189660,0.096215,0.315099,-1.987878,-2.162122,0.294915,-0.044775,-0.003754,0.011650,-0.007874,0.078737,0.000027
3082.688000,-0.190030,0.096176,0.315191,-1.987481,-2.161801,0.295686,-0.045371,-0.003799,0.011421,-0.008179,0.082199,-0.000005
3082.696000,-0.190391,0.096146,0.315273,-1.987114,-2.161467,0.296305,-0.044598,-0.003728,0.009332,-0.007316,0.072241,-0.000017
3082.704000,-0.190745,0.096126,0.315351,-1.986848,-2.161010,0.296972,-0.044902,-0.003752,0.010503,-0.008039,0.080772,-0.000031
3082.712000,-0.191108,0.096095,0.315406,-1.986592,-2.160735,0.297543,-0.044563,-0.003711,0.007946,-0.007184,0.070828,-0.000060
3082.720000,-0.191478,0.096055,0.315484,-1.986257,-2.160409,0.298154,-0.044634,-0.003731,0.010387,-0.008041,0.080830,-0.000038
3082.728000,-0.191827,0.096023,0.315561,-1.985882,-2.160049,0.298872,-0.045054,-0.003763,0.009809,-0.007906,0.079099,-0.000047
3082.736000,-0.192193,0.095999,0.315646,-1.985552,-2.159657,0.299546,-0.044917,-0.003741,0.008084,-0.007403,0.073268,-0.000072
3082.744000,-0.192556,0.095966,0.315702,-1.985252,-2.159360,0.300180,-0.044870,-0.003728,0.006954,-0.007292,0.072056,-0.000107
3082.752000,-0.192906,0.095946,0.315750,-1.985062,-2.158960,0.300724,-0.044801,-0.003728,0.007248,-0.006958,0.068038,-0.000068
3082.760000,-0.193273,0.095901,0.315798,-1.984638,-2.158740,0.301280,-0.044923,-0.003734,0.006336,-0.006977,0.068229,-0.000104
3082.768000,-0.193628,0.095885,0.315860,-1.984415,-2.158315,0.301926,-0.045441,-0.003783,0.008168,-0.007550,0.074843,-0.000080
3082.776000,-0.194003,0.095849,0.315935,-1.984072,-2.157952,0.302567,-0.045462,-0.003785,0.007928,-0.007523,0.074485,-0.000087
3082.784000,-0.194357,0.095821,0.315991,-1.983783,-2.157680,0.303073,-0.044786,-0.003724,0.006754,-0.007063,0.069270,-0.000096
3082.792000,-0.194720,0.095784,0.316051,-1.983425,-2.157342,0.303784,-0.044814,-0.003716,0.004751,-0.006511,0.062784,-0.000126
3082.800000,-0.195070,0.095765,0.316100,-1.983235,-2.156941,0.304327,-0.045342,-0.003766,0.006740,-0.007283,0.071734,-0.000113
3082.808000,-0.195440,0.095725,0.316138,-1.982896,-2.156732,0.304912,-0.045361,-0.003761,0.004728,-0.006575,0.063346,-0.000130
3082.816000,-0.195801,0.095709,0.316193,-1.982685,-2.156302,0.305451,-0.045547,-0.003777,0.005191,-0.006676,0.064488,-0.000120
3082.824000,-0.196168,0.095667,0.316218,-1.982327,-2.156104,0.305943,-0.045424,-0.003765,0.004638,-0.006704,0.064870,-0.000144
3082.832000,-0.196524,0.095640,0.316261,-1.982115,-2.155742,0.306541,-0.045390,-0.003762,0.004465,-0.006536,0.062878,-0.000137
3082.840000,-0.196898,0.095607,0.316292,-1.981854,-2.155511,0.307048,-0.045019,-0.003718,0.002436,-0.006086,0.057769,-0.000178
3082.848000,-0.197252,0.095590,0.316311,-1.981604,-2.155159,0.307498,-0.045596,-0.003763,0.002239,-0.006161,0.058518,-0.000189
3082.856000,-0.197614,0.095551,0.316326,-1.981368,-2.154934,0.308037,-0.045057,-0.003725,0.002643,-0.005972,0.056349,-0.000160
3082.864000,-0.197984,0.095512,0.316368,-1.980981,-2.154667,0.308694,-0.045264,-0.003739,0.002630,-0.006315,0.060386,-0.000189
3082.872000,-0.198345,0.095496,0.316395,-1.980775,-2.154292,0.309168,-0.045349,-0.003743,0.002193,-0.006078,0.057572,-0.000185
3082.880000,-0.198711,0.095458,0.316410,-1.980576,-2.154046,0.309642,-0.045104,-0.003721,0.001641,-0.005982,0.056512,-0.000199
3082.896000,-0.199445,0.095398,0.316433,-1.980057,-2.153541,0.310604,-0.045385,-0.003740,0.000754,-0.005776,0.053999,-0.000213
3082.904000,-0.199806,0.095374,0.316442,-1.979883,-2.153269,0.311046,-0.045444,-0.003747,0.001530,-0.006002,0.056650,-0.000203
3082.912000,-0.200167,0.095335,0.316446,-1.979707,-2.153025,0.311521,-0.045138,-0.003721,0.000990,-0.005860,0.055060,-0.000213
3082.920000,-0.200527,0.095308,0.316446,-1.979386,-2.152776,0.311936,-0.045205,-0.003719,-0.000411,-0.005555,0.051487,-0.000240
3082.928000,-0.200886,0.095282,0.316453,-1.979181,-2.152471,0.312442,-0.045926,-0.003777,-0.000304,-0.005721,0.053239,-0.000246
3082.936000,-0.201251,0.095256,0.316454,-1.978981,-2.152221,0.312885,-0.045515,-0.003741,-0.000383,-0.005727,0.053460,-0.000252
3082.944000,-0.201617,0.095217,0.316428,-1.978760,-2.152135,0.313223,-0.045452,-0.003737,-0.000358,-0.005800,0.054334,-0.000257
3082.952000,-0.201979,0.095191,0.316438,-1.978537,-2.151790,0.313685,-0.045620,-0.003751,-0.000551,-0.005684,0.052877,-0.000253
3082.960000,-0.202348,0.095160,0.316421,-1.978417,-2.151558,0.314102,-0.045457,-0.003730,-0.001757,-0.005409,0.049739,-0.000276
3082.968000,-0.202716,0.095130,0.316404,-1.978143,-2.151372,0.314481,-0.045765,-0.003749,-0.003070,-0.005116,0.046218,-0.000299
3082.976000,-0.203082,0.095096,0.316386,-1.977934,-2.151164,0.314905,-0.045548,-0.003737,-0.002090,-0.005347,0.048960,-0.000283
3082.984000,-0.203462,0.095063,0.316350,-1.977751,-2.151008,0.315230,-0.045873,-0.003766,-0.001774,-0.005502,0.050674,-0.000282
3082.992000,-0.203821,0.095046,0.316334,-1.977604,-2.150671,0.315622,-0.045669,-0.003741,-0.003135,-0.005028,0.045187,-0.000293
3083.000000,-0.204183,0.095012,0.316321,-1.977371,-2.150466,0.316082,-0.045396,-0.003713,-0.004180,-0.004796,0.042570,-0.000314
3083.008000,-0.204553,0.094983,0.316269,-1.977243,-2.150276,0.316313,-0.045573,-0.003729,-0.004198,-0.004800,0.042546,-0.000314
3083.016000,-0.204917,0.094941,0.316239,-1.977034,-2.150135,0.316768,-0.045316,-0.003718,-0.002899,-0.004996,0.044828,-0.000283
3083.024000,-0.205285,0.094920,0.316217,-1.976897,-2.149838,0.317138,-0.045906,-0.003764,-0.001847,-0.005804,0.054290,-0.000311
3083.032000,-0.205656,0.094882,0.316211,-1.976590,-2.149654,0.317621,-0.045630,-0.003736,-0.003650,-0.005173,0.046921,-0.000325
3083.040000,-0.205977,0.094860,0.316201,-1.976362,-2.149343,0.318122,-0.045585,-0.003731,-0.003206,-0.005438,0.050097,-0.000331
3083.048000,-0.206362,0.094832,0.316138,-1.976245,-2.149227,0.318320,-0.045844,-0.003751,-0.004064,-0.005039,0.045272,-0.000327
3083.056000,-0.206730,0.094797,0.316093,-1.976092,-2.149051,0.318651,-0.045194,-0.003686,-0.005565,-0.004907,0.044057,-0.000376
3083.064000,-0.207103,0.094770,0.316064,-1.975881,-2.148843,0.319077,-0.045775,-0.003736,-0.005593,-0.004791,0.042455,-0.000363
3083.072000,-0.207454,0.094736,0.316039,-1.975698,-2.148556,0.319547,-0.045523,-0.003709,-0.007145,-0.004312,0.036901,-0.000380
3083.080000,-0.207818,0.094707,0.315954,-1.975541,-2.148424,0.319818,-0.045386,-0.003689,-0.008614,-0.004019,0.033567,-0.000410
3083.088000,-0.208178,0.094680,0.315900,-1.975409,-2.148244,0.320116,-0.045837,-0.003742,-0.005314,-0.004985,0.044714,-0.000368
3083.096000,-0.208544,0.094645,0.315863,-1.975183,-2.148065,0.320503,-0.045602,-0.003723,-0.005790,-0.004739,0.041853,-0.000365
3083.104000,-0.208913,0.094620,0.315790,-1.975047,-2.147946,0.320672,-0.045633,-0.003715,-0.007972,-0.004083,0.034154,-0.000389
3083.112000,-0.209269,0.094593,0.315745,-1.974946,-2.147682,0.321098,-0.045666,-0.003715,-0.008511,-0.003926,0.032305,-0.000395
3083.120000,-0.209646,0.094555,0.315652,-1.974790,-2.147656,0.321276,-0.045815,-0.003734,-0.006989,-0.004556,0.039670,-0.000392
3083.128000,-0.210014,0.094528,0.315606,-1.974707,-2.147381,0.321679,-0.045611,-0.003699,-0.010846,-0.003355,0.025652,-0.000431
3083.136000,-0.210380,0.094514,0.315518,-1.974688,-2.147130,0.321876,-0.045679,-0.003706,-0.009213,-0.004091,0.034370,-0.000435
3083.144000,-0.210744,0.094474,0.315439,-1.974460,-2.147078,0.322140,-0.045915,-0.003726,-0.010141,-0.003705,0.029688,-0.000433
3083.152000,-0.211105,0.094447,0.315363,-1.974422,-2.146896,0.322372,-0.045817,-0.003721,-0.009494,-0.003872,0.031670,-0.000424
3083.160000,-0.211481,0.094412,0.315290,-1.974160,-2.146831,0.322661,-0.046438,-0.003775,-0.009137,-0.004107,0.034229,-0.000427
3083.168000,-0.211848,0.094389,0.315208,-1.974060,-2.146651,0.322883,-0.045886,-0.003723,-0.009935,-0.003899,0.031995,-0.000441
3083.176000,-0.212218,0.094357,0.315133,-1.973952,-2.146451,0.323237,-0.045544,-0.003687,-0.011456,-0.003525,0.027759,-0.000467
3083.184000,-0.212587,0.094320,0.315027,-1.973847,-2.146410,0.323431,-0.045649,-0.003699,-0.010743,-0.003808,0.031045,-0.000464
3083.192000,-0.212950,0.094293,0.314928,-1.973747,-2.146334,0.323555,-0.045354,-0.003675,-0.010960,-0.003683,0.029661,-0.000462
3083.200000,-0.213310,0.094271,0.314852,-1.973670,-2.146075,0.323845,-0.045300,-0.003665,-0.012104,-0.003323,0.025453,-0.000473
3083.208000,-0.213686,0.094232,0.314756,-1.973564,-2.145985,0.324115,-0.045596,-0.003698,-0.010028,-0.004101,0.034503,-0.000463
3083.216000,-0.214048,0.094202,0.314667,-1.973434,-2.145888,0.324351,-0.045502,-0.003683,-0.011746,-0.003579,0.028409,-0.000480
3083.224000,-0.214410,0.094171,0.314567,-1.973362,-2.145741,0.324560,-0.045408,-0.003673,-0.012629,-0.003283,0.024951,-0.000486
3083.232000,-0.214770,0.094150,0.314476,-1.973211,-2.145561,0.324834,-0.045875,-0.003714,-0.011560,-0.003713,0.029865,-0.000482
3083.240000,-0.215137,0.094121,0.314382,-1.973100,-2.145428,0.325072,-0.045495,-0.003666,-0.014409,-0.003095,0.022841,-0.000534
3083.248000,-0.215503,0.094093,0.314260,-1.973039,-2.145386,0.325229,-0.045734,-0.003703,-0.011553,-0.003667,0.029344,-0.000477
3083.256000,-0.215863,0.094058,0.314145,-1.972955,-2.145278,0.325418,-0.045188,-0.003631,-0.016530,-0.002548,0.016556,-0.000564
3083.264000,-0.216233,0.094034,0.314014,-1.972889,-2.145190,0.325539,-0.045656,-0.003691,-0.013485,-0.002935,0.020713,-0.000482
3083.272000,-0.216593,0.094005,0.313899,-1.972844,-2.145076,0.325708,-0.045809,-0.003696,-0.013498,-0.003516,0.027683,-0.000534
3083.280000,-0.216965,0.093967,0.313770,-1.972762,-2.145025,0.325857,-0.045485,-0.003656,-0.017755,-0.001982,0.009696,-0.000554
3083.288000,-0.217332,0.093943,0.313647,-1.972647,-2.144874,0.326041,-0.046712,-0.003793,-0.009807,-0.004482,0.038604,-0.000477
3083.296000,-0.217695,0.093909,0.313543,-1.972542,-2.144781,0.326283,-0.045131,-0.003623,-0.018608,-0.001722,0.006759,-0.000563
3083.304000,-0.218058,0.093882,0.313404,-1.972510,-2.144712,0.326410,-0.046473,-0.003768,-0.011696,-0.003709,0.029528,-0.000478
3083.312000,-0.218419,0.093859,0.313264,-1.972522,-2.144638,0.326498,-0.044628,-0.003561,-0.021750,-0.001123,0.000036,-0.000627
3083.320000,-0.218797,0.093810,0.313124,-1.972355,-2.144698,0.326600,-0.045911,-0.003717,-0.013906,-0.002917,0.020363,-0.000490
3083.328000,-0.219147,0.093792,0.312984,-1.972332,-2.144529,0.326784,-0.044603,-0.003560,-0.021420,-0.001437,0.003791,-0.000641
3083.336000,-0.219518,0.093768,0.312807,-1.972384,-2.144535,0.326681,-0.045377,-0.003644,-0.018580,-0.001917,0.008979,-0.000574
3083.344000,-0.219868,0.093741,0.312685,-1.972360,-2.144378,0.326933,-0.044517,-0.003555,-0.020812,-0.001643,0.006232,-0.000636
3083.352000,-0.220238,0.093704,0.312511,-1.972294,-2.144467,0.326882,-0.045968,-0.003707,-0.016086,-0.002633,0.017131,-0.000541
3083.360000,-0.220606,0.093683,0.312370,-1.972253,-2.144360,0.327035,-0.044688,-0.003575,-0.019251,-0.002239,0.013190,-0.000630
3083.368000,-0.220976,0.093646,0.312212,-1.972236,-2.144353,0.327090,-0.045936,-0.003711,-0.014945,-0.002921,0.020479,-0.000524
3083.376000,-0.221328,0.093617,0.312065,-1.972198,-2.144259,0.327292,-0.044869,-0.003591,-0.019493,-0.002175,0.012354,-0.000630
3083.384000,-0.221691,0.093584,0.311904,-1.972179,-2.144193,0.327382,-0.045986,-0.003703,-0.017001,-0.002598,0.016773,-0.000569
3083.392000,-0.222051,0.093559,0.311780,-1.972041,-2.144103,0.327561,-0.045204,-0.003619,-0.019626,-0.002280,0.013509,-0.000641
3083.400000,-0.222410,0.093539,0.311601,-1.972064,-2.144110,0.327508,-0.045066,-0.003610,-0.020196,-0.001680,0.006339,-0.000607
3083.408000,-0.222766,0.093510,0.311429,-1.972124,-2.144032,0.327562,-0.045170,-0.003615,-0.020716,-0.001689,0.006463,-0.000625
3083.416000,-0.223134,0.093476,0.311254,-1.972079,-2.144020,0.327634,-0.044962,-0.003593,-0.021643,-0.001548,0.004931,-0.000647
3083.424000,-0.223481,0.093451,0.311054,-1.972137,-2.144079,0.327573,-0.045267,-0.003616,-0.022566,-0.001166,0.000278,-0.000642
3083.432000,-0.223858,0.093416,0.310882,-1.972099,-2.144073,0.327635,-0.045094,-0.003602,-0.021915,-0.001574,0.005208,-0.000656
3083.440000,-0.224216,0.093385,0.310721,-1.972041,-2.144021,0.327752,-0.045325,-0.003620,-0.022652,-0.001336,0.002317,-0.000659
3083.448000,-0.224576,0.093361,0.310516,-1.972124,-2.143986,0.327691,-0.045101,-0.003601,-0.022523,-0.001400,0.003149,-0.000661
3083.456000,-0.224949,0.093323,0.310334,-1.972121,-2.144032,0.327740,-0.045355,-0.003623,-0.022854,-0.001345,0.002418,-0.000665
3083.464000,-0.225301,0.093306,0.310152,-1.972045,-2.143962,0.327732,-0.045225,-0.003610,-0.023176,-0.001216,0.000928,-0.000665
3083.472000,-0.225669,0.093269,0.309951,-1.972085,-2.143999,0.327736,-0.044957,-0.003589,-0.023175,-0.001268,0.001650,-0.000670
3083.480000,-0.226032,0.093245,0.309764,-1.972158,-2.143938,0.327771,-0.045648,-0.003641,-0.023295,-0.001549,0.004806,-0.000695
3083.488000,-0.226390,0.093206,0.309573,-1.972065,-2.144036,0.327812,-0.045273,-0.003613,-0.023758,-0.001224,0.001042,-0.000683
3083.496000,-0.226750,0.093190,0.309357,-1.972203,-2.144022,0.327728,-0.045878,-0.003658,-0.024201,-0.001252,0.001208,-0.000697
3083.504000,-0.227118,0.093159,0.309180,-1.972154,-2.143963,0.327763,-0.045699,-0.003644,-0.024240,-0.001246,0.001190,-0.000698
3083.512000,-0.227483,0.093128,0.308953,-1.972262,-2.144048,0.327653,-0.045787,-0.003650,-0.024166,-0.001405,0.003072,-0.000708
3083.520000,-0.227854,0.093096,0.308762,-1.972229,-2.144048,0.327697,-0.045923,-0.003661,-0.024651,-0.001227,0.000912,-0.000707
3083.528000,-0.228221,0.093073,0.308591,-1.972132,-2.143948,0.327851,-0.046499,-0.003706,-0.024892,-0.001360,0.002325,-0.000724
3083.536000,-0.228589,0.093040,0.308397,-1.972236,-2.143896,0.327876,-0.046275,-0.003688,-0.024939,-0.001320,0.001920,-0.000722
3083.544000,-0.228952,0.093018,0.308226,-1.972175,-2.143844,0.327991,-0.046844,-0.003749,-0.021758,-0.002208,0.012106,-0.000684
3083.552000,-0.229329,0.092986,0.308031,-1.972111,-2.143820,0.327999,-0.046944,-0.003748,-0.023255,-0.002099,0.010912,-0.000727
3083.560000,-0.229718,0.092948,0.307840,-1.972127,-2.143804,0.328078,-0.046708,-0.003737,-0.023378,-0.001577,0.004664,-0.000683
3083.568000,-0.230085,0.092923,0.307652,-1.972086,-2.143736,0.328141,-0.047378,-0.003787,-0.023836,-0.001791,0.007061,-0.000714
3083.576000,-0.230466,0.092885,0.307472,-1.972002,-2.143740,0.328271,-0.047548,-0.003813,-0.021332,-0.002539,0.015758,-0.000691
3083.584000,-0.230846,0.092865,0.307294,-1.972020,-2.143645,0.328369,-0.047449,-0.003804,-0.021499,-0.002361,0.013651,-0.000681
3083.592000,-0.231226,0.092826,0.307105,-1.971917,-2.143608,0.328456,-0.046940,-0.003749,-0.024308,-0.001766,0.006938,-0.000729
3083.600000,-0.231594,0.092805,0.306906,-1.972006,-2.143573,0.328483,-0.047448,-0.003804,-0.023289,-0.001455,0.002832,-0.000658
3083.608000,-0.231980,0.092768,0.306706,-1.972004,-2.143585,0.328523,-0.046733,-0.003733,-0.023716,-0.002015,0.009943,-0.000731
3083.616000,-0.232363,0.092742,0.306531,-1.971962,-2.143485,0.328600,-0.047869,-0.003849,-0.020000,-0.002792,0.018503,-0.000660
3083.624000,-0.232741,0.092709,0.306359,-1.971900,-2.143413,0.328803,-0.047060,-0.003759,-0.023254,-0.002414,0.014604,-0.000748
3083.632000,-0.233117,0.092679,0.306150,-1.971926,-2.143419,0.328754,-0.047313,-0.003798,-0.021211,-0.002490,0.015161,-0.000678
3083.640000,-0.233499,0.092637,0.305953,-1.971791,-2.143462,0.328846,-0.047119,-0.003763,-0.024482,-0.002037,0.010109,-0.000754
3083.648000,-0.233878,0.092616,0.305750,-1.971915,-2.143398,0.328796,-0.047542,-0.003821,-0.020592,-0.002742,0.018035,-0.000676
3083.656000,-0.234252,0.092591,0.305578,-1.971808,-2.143292,0.328987,-0.046809,-0.003736,-0.023900,-0.002296,0.013291,-0.000758
3083.664000,-0.234633,0.092555,0.305384,-1.971709,-2.143273,0.329128,-0.047891,-0.003851,-0.020123,-0.003022,0.021235,-0.000682
3083.672000,-0.235005,0.092528,0.305211,-1.971694,-2.143134,0.329272,-0.046993,-0.003750,-0.024057,-0.002472,0.015359,-0.000777
3083.680000,-0.235385,0.092500,0.305006,-1.971681,-2.143133,0.329312,-0.047684,-0.003840,-0.019429,-0.003008,0.021044,-0.000655
3083.688000,-0.235756,0.092471,0.304846,-1.971588,-2.143025,0.329547,-0.047018,-0.003752,-0.024418,-0.002297,0.013243,-0.000772
3083.696000,-0.236140,0.092425,0.304678,-1.971448,-2.142962,0.329786,-0.047699,-0.003833,-0.021970,-0.002376,0.013621,-0.000685
3083.704000,-0.236524,0.092403,0.304495,-1.971431,-2.142839,0.329862,-0.047640,-0.003806,-0.024561,-0.002333,0.013442,-0.000774
3083.712000,-0.236916,0.092369,0.304316,-1.971410,-2.142759,0.330046,-0.047574,-0.003814,-0.023356,-0.002149,0.011057,-0.000712
3083.720000,-0.237299,0.092337,0.304150,-1.971296,-2.142611,0.330262,-0.049111,-0.003967,-0.017010,-0.004296,0.035805,-0.000678
3083.728000,-0.237673,0.092312,0.304013,-1.971144,-2.142456,0.330538,-0.047359,-0.003788,-0.023891,-0.002376,0.013953,-0.000753
3083.736000,-0.238055,0.092278,0.303830,-1.971123,-2.142394,0.330662,-0.049227,-0.003979,-0.017894,-0.003698,0.028577,-0.000650
3083.744000,-0.238445,0.092249,0.303664,-1.971002,-2.142237,0.330886,-0.047299,-0.003783,-0.023717,-0.002590,0.016533,-0.000766
3083.752000,-0.238826,0.092223,0.303497,-1.970871,-2.142135,0.331112,-0.047677,-0.003829,-0.022203,-0.002482,0.014877,-0.000698
3083.760000,-0.239215,0.092192,0.303317,-1.970853,-2.142009,0.331215,-0.049646,-0.004011,-0.016280,-0.004832,0.041989,-0.000697
3083.768000,-0.239596,0.092165,0.303157,-1.970780,-2.141870,0.331461,-0.047153,-0.003774,-0.024851,-0.001811,0.007203,-0.000730
3083.776000,-0.239988,0.092130,0.302994,-1.970651,-2.141804,0.331708,-0.049803,-0.004025,-0.017415,-0.004192,0.034264,-0.000674
3083.784000,-0.240370,0.092102,0.302834,-1.970585,-2.141653,0.331863,-0.048887,-0.003939,-0.018372,-0.004236,0.035257,-0.000719
3083.792000,-0.240764,0.092061,0.302664,-1.970414,-2.141634,0.332063,-0.048307,-0.003883,-0.022101,-0.002778,0.018157,-0.000714
3083.800000,-0.241153,0.092037,0.302536,-1.970322,-2.141315,0.332487,-0.049543,-0.004005,-0.016473,-0.004667,0.039997,-0.000687
3083.808000,-0.241553,0.091998,0.302371,-1.970125,-2.141248,0.332652,-0.048441,-0.003892,-0.021111,-0.003581,0.027730,-0.000755
3083.816000,-0.241928,0.091980,0.302202,-1.970107,-2.141054,0.332837,-0.048393,-0.003891,-0.021053,-0.003307,0.024405,-0.000726
3083.824000,-0.242326,0.091940,0.302048,-1.969940,-2.140941,0.333151,-0.049391,-0.003985,-0.017808,-0.004594,0.039277,-0.000727
3083.832000,-0.242724,0.091904,0.301886,-1.969856,-2.140810,0.333395,-0.048488,-0.003897,-0.022298,-0.002957,0.020225,-0.000734
3083.840000,-0.243114,0.091873,0.301724,-1.969774,-2.140652,0.333638,-0.049984,-0.004036,-0.018262,-0.004411,0.036853,-0.000720
3083.848000,-0.243510,0.091844,0.301567,-1.969590,-2.140513,0.333925,-0.049314,-0.003981,-0.017858,-0.004529,0.038489,-0.000722
3083.856000,-0.243915,0.091812,0.301413,-1.969486,-2.140327,0.334192,-0.049501,-0.003990,-0.019758,-0.003975,0.031892,-0.000734
3083.864000,-0.244306,0.091781,0.301252,-1.969304,-2.140214,0.334457,-0.048984,-0.003949,-0.019299,-0.004035,0.032748,-0.000726
3083.872000,-0.244703,0.091747,0.301104,-1.969235,-2.140028,0.334766,-0.049643,-0.004013,-0.018416,-0.004092,0.033060,-0.000695
3083.880000,-0.245098,0.091717,0.300942,-1.969116,-2.139909,0.334986,-0.049462,-0.003994,-0.017614,-0.004696,0.040389,-0.000727
3083.888000,-0.245506,0.091679,0.300795,-1.968992,-2.139731,0.335294,-0.049490,-0.004001,-0.017787,-0.004408,0.036868,-0.000704
3083.896000,-0.245902,0.091651,0.300658,-1.968760,-2.139560,0.335628,-0.049903,-0.004032,-0.017333,-0.004920,0.042881,-0.000735
3083.904000,-0.246301,0.091622,0.300503,-1.968707,-2.139354,0.335872,-0.049101,-0.003965,-0.018587,-0.004198,0.034538,-0.000714
3083.912000,-0.246693,0.091586,0.300369,-1.968420,-2.139199,0.336247,-0.049648,-0.004003,-0.018778,-0.004723,0.040733,-0.000768
3083.920000,-0.247090,0.091553,0.300193,-1.968400,-2.139063,0.336445,-0.049385,-0.003982,-0.019335,-0.004391,0.036840,-0.000757
3083.928000,-0.247478,0.091530,0.300036,-1.968288,-2.138846,0.336750,-0.049304,-0.003976,-0.018854,-0.004515,0.038326,-0.000752
3083.936000,-0.247874,0.091496,0.299912,-1.968042,-2.138621,0.337225,-0.049849,-0.004026,-0.017405,-0.005065,0.044625,-0.000751
3083.944000,-0.248279,0.091459,0.299783,-1.967843,-2.138408,0.337600,-0.050170,-0.004059,-0.016324,-0.005345,0.047752,-0.000738
3083.952000,-0.248670,0.091421,0.299648,-1.967679,-2.138250,0.337975,-0.049932,-0.004035,-0.017540,-0.005036,0.044218,-0.000752
3083.960000,-0.249070,0.091392,0.299510,-1.967532,-2.137932,0.338366,-0.050600,-0.004100,-0.015775,-0.005468,0.048988,-0.000727
3083.968000,-0.249466,0.091363,0.299377,-1.967345,-2.137710,0.338744,-0.050302,-0.004070,-0.017336,-0.004955,0.043037,-0.000733
3083.976000,-0.249861,0.091332,0.299248,-1.967102,-2.137502,0.339131,-0.051325,-0.004162,-0.015377,-0.005694,0.051393,-0.000729
3083.984000,-0.250277,0.091298,0.299135,-1.966872,-2.137207,0.339625,-0.050857,-0.004114,-0.017303,-0.005244,0.046308,-0.000756
3083.992000,-0.250689,0.091257,0.299018,-1.966629,-2.136984,0.340109,-0.050951,-0.004127,-0.016307,-0.005537,0.049699,-0.000749
3084.000000,-0.251089,0.091227,0.298878,-1.966489,-2.136750,0.340527,-0.051007,-0.004134,-0.015580,-0.005706,0.051647,-0.000740
3084.008000,-0.251497,0.091198,0.298752,-1.966225,-2.136480,0.340926,-0.050585,-0.004095,-0.016882,-0.005280,0.046762,-0.000746
3084.016000,-0.251902,0.091168,0.298631,-1.966018,-2.136212,0.341367,-0.050622,-0.004095,-0.016697,-0.005532,0.049795,-0.000764
3084.024000,-0.252313,0.091133,0.298500,-1.965773,-2.135985,0.341842,-0.050822,-0.004115,-0.016286,-0.005602,0.050506,-0.000755
3084.032000,-0.252722,0.091098,0.298376,-1.965553,-2.135724,0.342275,-0.050546,-0.004091,-0.016848,-0.005418,0.048410,-0.000758
3084.040000,-0.253122,0.091072,0.298215,-1.965515,-2.135512,0.342529,-0.050715,-0.004105,-0.017314,-0.005176,0.045448,-0.000749
3084.048000,-0.253540,0.091034,0.298086,-1.965267,-2.135305,0.342971,-0.050831,-0.004121,-0.014390,-0.006323,0.059023,-0.000761
3084.056000,-0.253957,0.090997,0.297953,-1.965042,-2.135081,0.343330,-0.051046,-0.004138,-0.016307,-0.005551,0.049722,-0.000748
3084.064000,-0.254364,0.090962,0.297836,-1.964743,-2.134848,0.343850,-0.050944,-0.004128,-0.016411,-0.005626,0.050677,-0.000760
3084.072000,-0.254780,0.090925,0.297702,-1.964519,-2.134612,0.344282,-0.051898,-0.004210,-0.015346,-0.006181,0.056918,-0.000772
3084.080000,-0.255183,0.090900,0.297571,-1.964361,-2.134316,0.344686,-0.051334,-0.004163,-0.015501,-0.005973,0.054617,-0.000760
3084.088000,-0.255598,0.090863,0.297437,-1.964143,-2.134111,0.345080,-0.051753,-0.004197,-0.014951,-0.006397,0.059541,-0.000781
3084.096000,-0.256012,0.090825,0.297339,-1.963865,-2.133769,0.345684,-0.051814,-0.004207,-0.014856,-0.006267,0.057892,-0.000764
3084.104000,-0.256422,0.090791,0.297221,-1.963650,-2.133457,0.346145,-0.051859,-0.004211,-0.014124,-0.006656,0.062511,-0.000777
3084.112000,-0.256841,0.090771,0.297088,-1.963406,-2.133190,0.346544,-0.051631,-0.004189,-0.014417,-0.006540,0.061246,-0.000778
3084.120000,-0.257264,0.090731,0.296966,-1.963125,-2.132955,0.347081,-0.051873,-0.004205,-0.015682,-0.006244,0.057663,-0.000790
3084.128000,-0.257672,0.090701,0.296847,-1.962920,-2.132636,0.347572,-0.051516,-0.004181,-0.014614,-0.006352,0.058987,-0.000767
3084.136000,-0.258096,0.090655,0.296731,-1.962677,-2.132415,0.348060,-0.052213,-0.004242,-0.014741,-0.006358,0.058760,-0.000766
3084.144000,-0.258514,0.090617,0.296621,-1.962426,-2.132100,0.348615,-0.051961,-0.004221,-0.014535,-0.006528,0.060877,-0.000778
3084.152000,-0.258940,0.090586,0.296513,-1.962099,-2.131816,0.349094,-0.052172,-0.004243,-0.013509,-0.006781,0.063742,-0.000767
3084.160000,-0.259351,0.090563,0.296407,-1.961941,-2.131398,0.349658,-0.052605,-0.004273,-0.013504,-0.007095,0.067429,-0.000796
3084.168000,-0.259768,0.090535,0.296277,-1.961704,-2.131136,0.350044,-0.052264,-0.004246,-0.013762,-0.006779,0.063723,-0.000776
3084.176000,-0.260180,0.090492,0.296169,-1.961396,-2.130849,0.350682,-0.051819,-0.004202,-0.014108,-0.007110,0.067967,-0.000825
3084.184000,-0.260600,0.090460,0.296049,-1.961192,-2.130561,0.351161,-0.052763,-0.004285,-0.014234,-0.006883,0.064816,-0.000799
3084.192000,-0.261023,0.090427,0.295919,-1.960952,-2.130239,0.351604,-0.052288,-0.004244,-0.014643,-0.006766,0.063608,-0.000805
3084.200000,-0.261437,0.090392,0.295826,-1.960553,-2.129891,0.352288,-0.052500,-0.004259,-0.014498,-0.007065,0.067148,-0.000830
3084.208000,-0.261862,0.090361,0.295716,-1.960324,-2.129568,0.352776,-0.052802,-0.004293,-0.013510,-0.007026,0.066410,-0.000789
3084.216000,-0.262283,0.090312,0.295614,-1.959982,-2.129317,0.353392,-0.052924,-0.004305,-0.013087,-0.007281,0.069371,-0.000800
3084.224000,-0.262703,0.090291,0.295500,-1.959764,-2.128902,0.353948,-0.052878,-0.004295,-0.013932,-0.007136,0.067753,-0.000815
3084.232000,-0.263132,0.090260,0.295420,-1.959385,-2.128491,0.354632,-0.052844,-0.004299,-0.012217,-0.007535,0.072414,-0.000797
3084.240000,-0.263565,0.090226,0.295301,-1.959146,-2.128156,0.355148,-0.053447,-0.004346,-0.012477,-0.007659,0.073708,-0.000815
3084.248000,-0.263985,0.090186,0.295204,-1.958799,-2.127848,0.355803,-0.053052,-0.004309,-0.014169,-0.007098,0.067198,-0.000819
3084.256000,-0.264414,0.090150,0.295138,-1.958421,-2.127408,0.356510,-0.053303,-0.004336,-0.012098,-0.007820,0.075628,-0.000820
3084.264000,-0.264845,0.090113,0.295010,-1.958135,-2.127163,0.357028,-0.053683,-0.004367,-0.013135,-0.007453,0.071108,-0.000816
3084.272000,-0.265266,0.090083,0.294916,-1.957895,-2.126724,0.357644,-0.052669,-0.004277,-0.013742,-0.007326,0.070036,-0.000832
3084.280000,-0.265701,0.090049,0.294810,-1.957567,-2.126364,0.358223,-0.053377,-0.004337,-0.013322,-0.007613,0.073192,-0.000842
3084.288000,-0.266135,0.090010,0.294707,-1.957208,-2.126060,0.358838,-0.053450,-0.004344,-0.013701,-0.007398,0.070554,-0.000832
3084.296000,-0.266557,0.089975,0.294599,-1.956974,-2.125713,0.359404,-0.053310,-0.004338,-0.013074,-0.007414,0.070702,-0.000814
3084.304000,-0.266996,0.089939,0.294504,-1.956617,-2.125357,0.360043,-0.053973,-0.004396,-0.011512,-0.008052,0.078018,-0.000822
3084.312000,-0.267434,0.089905,0.294423,-1.956322,-2.124957,0.360641,-0.054335,-0.004433,-0.009043,-0.008913,0.088067,-0.000824
3084.320000,-0.267862,0.089860,0.294326,-1.955940,-2.124628,0.361311,-0.053901,-0.004387,-0.012432,-0.007948,0.076834,-0.000844
3084.328000,-0.268309,0.089832,0.294232,-1.955623,-2.124190,0.362008,-0.054484,-0.004436,-0.011505,-0.008319,0.081031,-0.000847
3084.336000,-0.268730,0.089796,0.294117,-1.955418,-2.123854,0.362564,-0.054101,-0.004401,-0.012080,-0.008211,0.079920,-0.000859
3084.344000,-0.269156,0.089771,0.294041,-1.954975,-2.123436,0.363221,-0.054392,-0.004430,-0.010381,-0.008724,0.085870,-0.000853
3084.352000,-0.269589,0.089739,0.293930,-1.954750,-2.123082,0.363816,-0.054697,-0.004456,-0.010051,-0.008803,0.086677,-0.000849
3084.360000,-0.270035,0.089688,0.293861,-1.954254,-2.122682,0.364549,-0.053759,-0.004373,-0.011497,-0.008543,0.083971,-0.000878
3084.368000,-0.270467,0.089654,0.293756,-1.953941,-2.122329,0.365188,-0.054821,-0.004462,-0.010271,-0.009178,0.091143,-0.000896
3084.376000,-0.270908,0.089616,0.293664,-1.953619,-2.121890,0.365931,-0.054463,-0.004434,-0.011174,-0.008648,0.084910,-0.000874
3084.384000,-0.271343,0.089595,0.293563,-1.953338,-2.121427,0.366553,-0.055205,-0.004498,-0.009258,-0.009320,0.092613,-0.000875
3084.392000,-0.271780,0.089555,0.293501,-1.952937,-2.121004,0.367340,-0.055609,-0.004538,-0.009150,-0.009119,0.089945,-0.000847
3084.400000,-0.272228,0.089506,0.293421,-1.952490,-2.120647,0.368044,-0.054478,-0.004435,-0.011958,-0.008345,0.081231,-0.000871
3084.408000,-0.272671,0.089475,0.293327,-1.952138,-2.120199,0.368800,-0.055382,-0.004518,-0.008564,-0.009551,0.095186,-0.000876
3084.416000,-0.273108,0.089445,0.293267,-1.951707,-2.119708,0.369493,-0.054745,-0.004460,-0.009924,-0.009125,0.090392,-0.000883
3084.424000,-0.273563,0.089398,0.293189,-1.951285,-2.119348,0.370278,-0.055333,-0.004513,-0.009446,-0.009252,0.091598,-0.000877
3084.432000,-0.274005,0.089364,0.293101,-1.950953,-2.118853,0.370997,-0.055716,-0.004548,-0.007969,-0.009845,0.098485,-0.000887
3084.440000,-0.274450,0.089334,0.293042,-1.950581,-2.118377,0.371751,-0.055010,-0.004481,-0.010549,-0.008987,0.088614,-0.000890
3084.448000,-0.274885,0.089304,0.292945,-1.950272,-2.117896,0.372488,-0.055442,-0.004519,-0.009740,-0.009205,0.091015,-0.000884
3084.456000,-0.275332,0.089274,0.292872,-1.949827,-2.117441,0.373267,-0.055673,-0.004532,-0.010586,-0.009131,0.090127,-0.000904
3084.464000,-0.275782,0.089219,0.292792,-1.949456,-2.117116,0.374016,-0.055811,-0.004551,-0.009418,-0.009400,0.093140,-0.000892
3084.472000,-0.276227,0.089180,0.292737,-1.948982,-2.116585,0.374836,-0.055547,-0.004527,-0.010218,-0.009210,0.090986,-0.000902
3084.480000,-0.276676,0.089139,0.292655,-1.948562,-2.116214,0.375554,-0.055959,-0.004567,-0.008186,-0.009923,0.099248,-0.000907
3084.488000,-0.277117,0.089116,0.292578,-1.948154,-2.115708,0.376286,-0.055929,-0.004559,-0.010040,-0.009306,0.091974,-0.000905
3084.496000,-0.277569,0.089085,0.292495,-1.947831,-2.115213,0.377046,-0.056502,-0.004606,-0.007863,-0.010337,0.104082,-0.000939
3084.504000,-0.278027,0.089037,0.292433,-1.947301,-2.114778,0.377837,-0.056267,-0.004591,-0.008155,-0.010052,0.100657,-0.000920
3084.512000,-0.278477,0.089004,0.292359,-1.946944,-2.114279,0.378667,-0.056057,-0.004564,-0.009898,-0.009756,0.097343,-0.000951
3084.520000,-0.278922,0.088975,0.292276,-1.946565,-2.113794,0.379430,-0.056622,-0.004619,-0.008119,-0.010081,0.100880,-0.000922
3084.528000,-0.279370,0.088932,0.292222,-1.946079,-2.113319,0.380283,-0.055965,-0.004558,-0.009082,-0.009997,0.100199,-0.000952
3084.536000,-0.279823,0.088897,0.292144,-1.945699,-2.112823,0.381029,-0.056687,-0.004626,-0.007372,-0.010439,0.105064,-0.000937
3084.544000,-0.280281,0.088860,0.292090,-1.945250,-2.112325,0.381924,-0.056552,-0.004613,-0.006782,-0.010751,0.108872,-0.000953
3084.552000,-0.280735,0.088825,0.292019,-1.944826,-2.111829,0.382675,-0.056482,-0.004613,-0.007169,-0.010229,0.102532,-0.000911
3084.560000,-0.281183,0.088776,0.291954,-1.944376,-2.111381,0.383548,-0.056461,-0.004603,-0.008275,-0.010298,0.103464,-0.000957
3084.568000,-0.281632,0.088745,0.291890,-1.943960,-2.110871,0.384322,-0.056950,-0.004646,-0.007939,-0.010355,0.103912,-0.000949
3084.576000,-0.282097,0.088702,0.291814,-1.943526,-2.110358,0.385214,-0.056750,-0.004626,-0.008928,-0.010129,0.101323,-0.000961
3084.584000,-0.282550,0.088677,0.291790,-1.943001,-2.109731,0.386166,-0.057647,-0.004702,-0.006876,-0.011004,0.111424,-0.000981
3084.592000,-0.282997,0.088632,0.291711,-1.942589,-2.109316,0.386926,-0.056898,-0.004636,-0.008888,-0.010280,0.103076,-0.000977
3084.600000,-0.283457,0.088598,0.291649,-1.942092,-2.108776,0.387826,-0.057519,-0.004690,-0.007174,-0.010937,0.110636,-0.000987
3084.608000,-0.283910,0.088569,0.291631,-1.941607,-2.108092,0.388838,-0.057184,-0.004661,-0.008307,-0.010409,0.104475,-0.000972
3084.616000,-0.284381,0.088523,0.291560,-1.941136,-2.107612,0.389703,-0.058332,-0.004763,-0.005900,-0.011337,0.114999,-0.000984
3084.624000,-0.284852,0.088481,0.291521,-1.940589,-2.107069,0.390653,-0.057852,-0.004714,-0.008818,-0.010564,0.106068,-0.001003
3084.632000,-0.285306,0.088454,0.291466,-1.940154,-2.106497,0.391527,-0.058148,-0.004745,-0.007541,-0.010642,0.106764,-0.000968
3084.640000,-0.285775,0.088403,0.291401,-1.939716,-2.105966,0.392395,-0.057653,-0.004699,-0.009404,-0.010212,0.101860,-0.000988
3084.648000,-0.286242,0.088369,0.291337,-1.939204,-2.105487,0.393237,-0.058298,-0.004760,-0.006236,-0.011230,0.113647,-0.000989
3084.656000,-0.286699,0.088328,0.291241,-1.938789,-2.105082,0.394034,-0.057689,-0.004702,-0.008356,-0.010626,0.106751,-0.001000
3084.664000,-0.287174,0.088281,0.291178,-1.938333,-2.104553,0.394880,-0.058383,-0.004770,-0.005918,-0.011333,0.114735,-0.000992
3084.672000,-0.287629,0.088265,0.291111,-1.937949,-2.103944,0.395768,-0.057663,-0.004695,-0.007097,-0.011280,0.114638,-0.001034
3084.680000,-0.288103,0.088215,0.291043,-1.937407,-2.103497,0.396590,-0.058479,-0.004769,-0.006978,-0.011268,0.114052,-0.001023
3084.688000,-0.288563,0.088187,0.291030,-1.936902,-2.102803,0.397655,-0.058485,-0.004770,-0.004669,-0.012112,0.124117,-0.001041
3084.696000,-0.289035,0.088138,0.290963,-1.936439,-2.102259,0.398504,-0.058536,-0.004777,-0.005540,-0.011736,0.119507,-0.001029
3084.704000,-0.289512,0.088101,0.290917,-1.935897,-2.101674,0.399494,-0.058475,-0.004764,-0.006012,-0.011944,0.122140,-0.001070
3084.712000,-0.289971,0.088066,0.290862,-1.935412,-2.101155,0.400376,-0.058387,-0.004761,-0.006286,-0.011531,0.117157,-0.001036
3084.720000,-0.290432,0.088035,0.290830,-1.934920,-2.100467,0.401409,-0.058475,-0.004763,-0.007329,-0.011332,0.114826,-0.001050
3084.728000,-0.290901,0.087987,0.290774,-1.934414,-2.099943,0.402319,-0.058767,-0.004790,-0.005973,-0.011875,0.121102,-0.001063
3084.736000,-0.291372,0.087953,0.290760,-1.933787,-2.099281,0.403396,-0.059470,-0.004856,-0.004260,-0.012266,0.125374,-0.001046
3084.744000,-0.291840,0.087916,0.290708,-1.933261,-2.098704,0.404327,-0.059538,-0.004855,-0.004835,-0.012391,0.126932,-0.001080
3084.752000,-0.292331,0.087864,0.290691,-1.932651,-2.098071,0.405437,-0.059491,-0.004855,-0.005472,-0.012012,0.122307,-0.001061
3084.760000,-0.292791,0.087845,0.290669,-1.932109,-2.097388,0.406503,-0.059173,-0.004815,-0.007370,-0.011695,0.118889,-0.001094
3084.768000,-0.293259,0.087805,0.290622,-1.931590,-2.096770,0.407477,-0.059529,-0.004851,-0.006205,-0.011861,0.120579,-0.001072
3084.776000,-0.293739,0.087765,0.290598,-1.931008,-2.096166,0.408513,-0.059664,-0.004865,-0.005181,-0.012188,0.124385,-0.001075
3084.784000,-0.294223,0.087710,0.290560,-1.930435,-2.095558,0.409521,-0.059143,-0.004818,-0.006605,-0.011891,0.121033,-0.001095
3084.792000,-0.294691,0.087687,0.290493,-1.929980,-2.094932,0.410420,-0.059744,-0.004875,-0.004261,-0.012427,0.127097,-0.001074
3084.800000,-0.295172,0.087636,0.290461,-1.929371,-2.094360,0.411404,-0.059618,-0.004862,-0.004991,-0.012411,0.126945,-0.001099
3084.808000,-0.295651,0.087597,0.290443,-1.928805,-2.093708,0.412511,-0.060184,-0.004912,-0.004221,-0.012585,0.128734,-0.001090
3084.816000,-0.296131,0.087566,0.290377,-1.928366,-2.093126,0.413370,-0.059831,-0.004874,-0.005406,-0.012415,0.126973,-0.001116
3084.824000,-0.296611,0.087532,0.290353,-1.927770,-2.092409,0.414530,-0.059806,-0.004868,-0.006016,-0.012329,0.126023,-0.001129
3084.832000,-0.297091,0.087489,0.290284,-1.927265,-2.091860,0.415440,-0.060363,-0.004918,-0.004375,-0.012874,0.132207,-0.001133
3084.840000,-0.297581,0.087439,0.290236,-1.926712,-2.091281,0.416427,-0.059727,-0.004860,-0.006266,-0.012434,0.127255,-0.001152
3084.848000,-0.298056,0.087399,0.290188,-1.926157,-2.090641,0.417417,-0.060149,-0.004901,-0.005581,-0.012441,0.127028,-0.001128
3084.856000,-0.298534,0.087371,0.290173,-1.925516,-2.089963,0.418488,-0.060512,-0.004932,-0.003506,-0.013152,0.135354,-0.001140
3084.864000,-0.299026,0.087314,0.290128,-1.924944,-2.089405,0.419537,-0.060115,-0.004893,-0.006100,-0.012551,0.128395,-0.001162
3084.872000,-0.299513,0.087284,0.290089,-1.924442,-2.088685,0.420606,-0.061038,-0.004975,-0.002536,-0.013691,0.141543,-0.001169
3084.880000,-0.299984,0.087265,0.290074,-1.923809,-2.087934,0.421706,-0.060645,-0.004934,-0.005010,-0.012895,0.132354,-0.001166
3084.888000,-0.300481,0.087211,0.290030,-1.923254,-2.087320,0.422791,-0.060889,-0.004964,-0.003457,-0.013136,0.134922,-0.001141
3084.896000,-0.300969,0.087171,0.289992,-1.922674,-2.086687,0.423820,-0.061330,-0.005001,-0.002704,-0.013470,0.138709,-0.001153
3084.904000,-0.301461,0.087126,0.289941,-1.922093,-2.086093,0.424782,-0.060917,-0.004964,-0.002956,-0.013497,0.139178,-0.001170
3084.912000,-0.301946,0.087091,0.289917,-1.921508,-2.085420,0.425900,-0.060872,-0.004958,-0.003495,-0.013302,0.136904,-0.001168
3084.920000,-0.302426,0.087047,0.289874,-1.920914,-2.084735,0.426961,-0.061118,-0.004975,-0.002978,-0.013853,0.143410,-0.001214
3084.928000,-0.302922,0.087011,0.289820,-1.920408,-2.084104,0.427910,-0.061138,-0.004979,-0.003335,-0.013497,0.139081,-0.001187
3084.936000,-0.303408,0.086967,0.289831,-1.919776,-2.083364,0.429085,-0.062134,-0.005067,-0.000760,-0.014383,0.149138,-0.001198
3084.944000,-0.303907,0.086930,0.289818,-1.919081,-2.082578,0.430327,-0.062300,-0.005076,-0.000859,-0.014625,0.152042,-0.001231
3084.952000,-0.304403,0.086891,0.289792,-1.918436,-2.081920,0.431393,-0.061840,-0.005035,-0.002048,-0.014190,0.147033,-0.001226
3084.960000,-0.304890,0.086852,0.289783,-1.917780,-2.081172,0.432557,-0.061991,-0.005048,-0.001936,-0.014227,0.147385,-0.001227
3084.968000,-0.305381,0.086799,0.289778,-1.917130,-2.080478,0.433772,-0.062289,-0.005078,-0.001049,-0.014423,0.149461,-0.001220
3084.976000,-0.305870,0.086772,0.289751,-1.916555,-2.079730,0.434894,-0.061377,-0.004992,-0.002567,-0.014062,0.145682,-0.001239
3084.984000,-0.306359,0.086734,0.289774,-1.915815,-2.078885,0.436182,-0.061744,-0.005023,-0.003262,-0.013815,0.142561,-0.001232
3084.992000,-0.306855,0.086697,0.289747,-1.915139,-2.078206,0.437240,-0.062478,-0.005083,-0.001898,-0.014462,0.149968,-0.001259
3085.000000,-0.307354,0.086651,0.289745,-1.914470,-2.077409,0.438530,-0.062864,-0.005119,-0.001252,-0.014607,0.151457,-0.001253
3085.008000,-0.307855,0.086615,0.289727,-1.913843,-2.076643,0.439679,-0.061999,-0.005043,-0.003431,-0.013801,0.142221,-0.001241
3085.016000,-0.308356,0.086561,0.289690,-1.913223,-2.076000,0.440796,-0.062900,-0.005123,-0.001295,-0.014592,0.151160,-0.001257
3085.024000,-0.308848,0.086532,0.289643,-1.912640,-2.075313,0.441840,-0.061845,-0.005022,-0.004080,-0.013942,0.144047,-0.001285
3085.032000,-0.309344,0.086490,0.289648,-1.911928,-2.074523,0.443058,-0.062137,-0.005056,-0.002509,-0.014079,0.145363,-0.001248
3085.040000,-0.309853,0.086433,0.289639,-1.911233,-2.073819,0.444266,-0.062815,-0.005109,-0.001833,-0.014789,0.153563,-0.001306
3085.048000,-0.310344,0.086421,0.289594,-1.910725,-2.073052,0.445267,-0.062718,-0.005100,-0.001765,-0.014491,0.150076,-0.001273
3085.056000,-0.310846,0.086360,0.289587,-1.910020,-2.072393,0.446464,-0.062064,-0.005039,-0.003929,-0.014122,0.145980,-0.001308
3085.064000,-0.311347,0.086327,0.289554,-1.909337,-2.071613,0.447644,-0.062516,-0.005076,-0.003038,-0.014466,0.149905,-0.001318
3085.072000,-0.311848,0.086292,0.289534,-1.908772,-2.070856,0.448795,-0.063247,-0.005137,-0.000471,-0.015409,0.160832,-0.001342
3085.080000,-0.312370,0.086229,0.289516,-1.908080,-2.070159,0.450019,-0.062814,-0.005102,-0.002097,-0.014891,0.154737,-0.001340
3085.088000,-0.312871,0.086199,0.289525,-1.907345,-2.069313,0.451252,-0.062278,-0.005054,-0.003041,-0.014502,0.150354,-0.001332
3085.096000,-0.313370,0.086164,0.289512,-1.906644,-2.068551,0.452462,-0.062758,-0.005093,-0.001053,-0.015270,0.159319,-0.001357
3085.104000,-0.313879,0.086130,0.289526,-1.905903,-2.067648,0.453762,-0.063045,-0.005113,-0.001654,-0.015230,0.158769,-0.001372
3085.112000,-0.314382,0.086063,0.289502,-1.905196,-2.066995,0.454997,-0.062922,-0.005105,-0.002632,-0.014947,0.155324,-0.001373
3085.120000,-0.314890,0.086040,0.289493,-1.904496,-2.066110,0.456224,-0.063298,-0.005139,-0.002673,-0.014661,0.151717,-0.001340
3085.128000,-0.315395,0.085988,0.289471,-1.903825,-2.065366,0.457470,-0.063495,-0.005158,-0.001066,-0.015204,0.158016,-0.001353
3085.136000,-0.315895,0.085958,0.289450,-1.903161,-2.064599,0.458573,-0.063390,-0.005145,-0.001537,-0.015155,0.157539,-0.001367
3085.144000,-0.316408,0.085918,0.289447,-1.902511,-2.063725,0.459815,-0.062621,-0.005075,-0.003838,-0.014488,0.149970,-0.001371
3085.152000,-0.316913,0.085874,0.289425,-1.901738,-2.063001,0.461023,-0.063318,-0.005141,0.000159,-0.015612,0.162884,-0.001371
3085.160000,-0.317414,0.085820,0.289419,-1.900986,-2.062238,0.462319,-0.063715,-0.005172,-0.000688,-0.015585,0.162390,-0.001395
3085.168000,-0.317929,0.085788,0.289395,-1.900401,-2.061452,0.463467,-0.063636,-0.005164,-0.001030,-0.015363,0.159792,-0.001383
3085.176000,-0.318443,0.085760,0.289410,-1.899641,-2.060560,0.464758,-0.064329,-0.005218,0.000691,-0.016119,0.168575,-0.001416
3085.184000,-0.318963,0.085711,0.289416,-1.898852,-2.059735,0.466138,-0.063982,-0.005185,-0.000275,-0.015959,0.166833,-0.001434
3085.192000,-0.319464,0.085669,0.289400,-1.898173,-2.058948,0.467287,-0.064087,-0.005197,0.000446,-0.016053,0.167806,-0.001423
3085.200000,-0.319973,0.085629,0.289388,-1.897473,-2.058148,0.468570,-0.064031,-0.005190,-0.000516,-0.015783,0.164639,-0.001426
3085.208000,-0.320487,0.085580,0.289397,-1.896694,-2.057318,0.469890,-0.064102,-0.005196,-0.000492,-0.015858,0.165441,-0.001436
3085.216000,-0.321013,0.085530,0.289382,-1.895987,-2.056543,0.471113,-0.064438,-0.005226,0.000492,-0.016194,0.169213,-0.001444
3085.224000,-0.321522,0.085504,0.289393,-1.895280,-2.055611,0.472417,-0.064465,-0.005222,-0.000497,-0.015950,0.166405,-0.001451
3085.232000,-0.322040,0.085457,0.289410,-1.894433,-2.054793,0.473792,-0.064917,-0.005262,0.001388,-0.016598,0.173860,-0.001467
3085.240000,-0.322550,0.085419,0.289388,-1.893722,-2.053965,0.474963,-0.064894,-0.005257,0.000871,-0.016517,0.172914,-0.001477
3085.248000,-0.323080,0.085366,0.289376,-1.892993,-2.053157,0.476290,-0.063954,-0.005179,-0.001510,-0.015606,0.162398,-0.001454
3085.256000,-0.323598,0.085318,0.289370,-1.892242,-2.052346,0.477525,-0.064115,-0.005193,-0.001124,-0.015765,0.164145,-0.001462
3085.264000,-0.324117,0.085295,0.289345,-1.891606,-2.051473,0.478735,-0.064101,-0.005183,-0.000256,-0.016312,0.170839,-0.001505
3085.272000,-0.324597,0.085230,0.289434,-1.890616,-2.050585,0.480340,-0.064720,-0.005249,0.001395,-0.016428,0.171603,-0.001461
3085.280000,-0.325132,0.085207,0.289384,-1.889988,-2.049691,0.481468,-0.064565,-0.005224,0.000411,-0.016489,0.172608,-0.001507
3085.288000,-0.325651,0.085161,0.289388,-1.889221,-2.048946,0.482747,-0.064795,-0.005244,-0.000007,-0.016268,0.169822,-0.001494
3085.296000,-0.326175,0.085115,0.289403,-1.888439,-2.048009,0.484132,-0.064911,-0.005252,-0.000672,-0.016166,0.168547,-0.001505
3085.304000,-0.326702,0.085080,0.289405,-1.887681,-2.047100,0.485465,-0.065014,-0.005257,0.001845,-0.017127,0.179982,-0.001545
3085.312000,-0.327209,0.085034,0.289418,-1.886833,-2.046257,0.486776,-0.065210,-0.005275,0.002065,-0.017192,0.180583,-0.001546
3085.320000,-0.327719,0.084983,0.289407,-1.886153,-2.045396,0.488095,-0.065172,-0.005271,0.000971,-0.016879,0.176833,-0.001546
3085.328000,-0.328238,0.084948,0.289416,-1.885372,-2.044514,0.489409,-0.065009,-0.005261,0.001685,-0.016818,0.176092,-0.001520
3085.336000,-0.328764,0.084906,0.289450,-1.884542,-2.043552,0.490849,-0.066166,-0.005355,0.001890,-0.017083,0.178759,-0.001540
3085.344000,-0.329293,0.084869,0.289461,-1.883740,-2.042635,0.492176,-0.064691,-0.005221,-0.001664,-0.016193,0.168958,-0.001562
3085.352000,-0.329805,0.084825,0.289464,-1.882948,-2.041806,0.493519,-0.065220,-0.005273,-0.000355,-0.016234,0.169041,-0.001522
3085.360000,-0.330331,0.084794,0.289472,-1.882190,-2.040850,0.494880,-0.065534,-0.005296,0.000513,-0.016581,0.173082,-0.001538
3085.368000,-0.330862,0.084733,0.289494,-1.881300,-2.039983,0.496256,-0.065314,-0.005281,0.000772,-0.016617,0.173434,-0.001538
3085.376000,-0.331383,0.084705,0.289505,-1.880599,-2.039054,0.497515,-0.065326,-0.005278,0.000991,-0.016731,0.174854,-0.001549
3085.384000,-0.331920,0.084652,0.289493,-1.879843,-2.038232,0.498825,-0.065386,-0.005280,0.001501,-0.017151,0.179826,-0.001588
3085.392000,-0.332428,0.084625,0.289503,-1.879050,-2.037318,0.500167,-0.065165,-0.005260,-0.001098,-0.016086,0.167269,-0.001545
3085.400000,-0.332959,0.084577,0.289496,-1.878296,-2.036477,0.501483,-0.065607,-0.005296,0.000828,-0.016877,0.176467,-0.001581
3085.408000,-0.333486,0.084531,0.289475,-1.877619,-2.035652,0.502678,-0.065172,-0.005261,-0.000884,-0.016133,0.167717,-0.001549
3085.416000,-0.334013,0.084499,0.289502,-1.876783,-2.034691,0.504023,-0.065516,-0.005287,0.000235,-0.016600,0.173166,-0.001573
3085.424000,-0.334543,0.084448,0.289471,-1.876004,-2.033913,0.505273,-0.065715,-0.005301,0.001084,-0.017091,0.178907,-0.001608
3085.432000,-0.335052,0.084413,0.289476,-1.875300,-2.033048,0.506531,-0.065332,-0.005271,-0.000294,-0.016313,0.169746,-0.001561
3085.440000,-0.335579,0.084363,0.289478,-1.874498,-2.032189,0.507851,-0.065820,-0.005312,0.001500,-0.017017,0.177841,-0.001591
3085.448000,-0.336106,0.084320,0.289488,-1.873718,-2.031289,0.509201,-0.065637,-0.005296,-0.000034,-0.016453,0.171182,-0.001574
3085.456000,-0.336629,0.084279,0.289486,-1.872941,-2.030422,0.510452,-0.065098,-0.005246,-0.001811,-0.016033,0.166470,-0.001586
3085.464000,-0.337163,0.084236,0.289468,-1.872170,-2.029622,0.511746,-0.065199,-0.005254,-0.001643,-0.016020,0.166240,-0.001581
3085.472000,-0.337685,0.084188,0.289458,-1.871461,-2.028706,0.512955,-0.065253,-0.005257,-0.002782,-0.015841,0.164061,-0.001598
3085.480000,-0.338200,0.084150,0.289454,-1.870605,-2.027868,0.514266,-0.065562,-0.005286,-0.000570,-0.016337,0.169725,-0.001590
3085.488000,-0.338729,0.084115,0.289439,-1.869932,-2.026980,0.515500,-0.065507,-0.005281,-0.001470,-0.015922,0.164810,-0.001570
3085.496000,-0.339246,0.084053,0.289441,-1.869095,-2.026189,0.516811,-0.065401,-0.005273,0.000257,-0.016612,0.172939,-0.001605
3085.504000,-0.339763,0.084025,0.289430,-1.868459,-2.025280,0.518066,-0.065922,-0.005316,0.000813,-0.016654,0.173229,-0.001592
3085.512000,-0.340294,0.083973,0.289412,-1.867649,-2.024494,0.519326,-0.065539,-0.005282,-0.001779,-0.015891,0.164293,-0.001584
3085.520000,-0.340812,0.083931,0.289423,-1.866835,-2.023573,0.520607,-0.065742,-0.005296,-0.001570,-0.016176,0.167607,-0.001616
3085.528000,-0.341345,0.083890,0.289400,-1.866187,-2.022774,0.521786,-0.065902,-0.005308,-0.001518,-0.016154,0.167258,-0.001613
3085.536000,-0.341871,0.083845,0.289409,-1.865363,-2.021885,0.523100,-0.065279,-0.005258,-0.001936,-0.015847,0.163786,-0.001595
3085.544000,-0.342388,0.083806,0.289399,-1.864588,-2.020963,0.524369,-0.064729,-0.005207,-0.004451,-0.015235,0.156829,-0.001606
3085.552000,-0.342912,0.083766,0.289369,-1.863914,-2.020185,0.525607,-0.065851,-0.005300,-0.000789,-0.016429,0.170501,-0.001635
3085.560000,-0.343432,0.083728,0.289376,-1.863130,-2.019247,0.526873,-0.064972,-0.005223,-0.003762,-0.015523,0.160143,-0.001625
3085.568000,-0.343955,0.083692,0.289350,-1.862403,-2.018461,0.528062,-0.064969,-0.005220,-0.005172,-0.015094,0.155080,-0.001619
3085.576000,-0.344480,0.083653,0.289317,-1.861705,-2.017649,0.529249,-0.065488,-0.005265,-0.003693,-0.015397,0.158374,-0.001609
3085.584000,-0.345006,0.083601,0.289289,-1.860958,-2.016813,0.530463,-0.065555,-0.005271,-0.002927,-0.015756,0.162553,-0.001633
3085.592000,-0.345527,0.083559,0.289251,-1.860254,-2.016011,0.531630,-0.064735,-0.005202,-0.004398,-0.015200,0.156278,-0.001618
3085.600000,-0.346052,0.083522,0.289222,-1.859505,-2.015205,0.532793,-0.065486,-0.005263,-0.002434,-0.015899,0.164248,-0.001642
3085.608000,-0.346579,0.083470,0.289196,-1.858778,-2.014387,0.534027,-0.064977,-0.005223,-0.002957,-0.015566,0.160394,-0.001622
3085.616000,-0.347099,0.083442,0.289155,-1.858125,-2.013563,0.535136,-0.064709,-0.005197,-0.003368,-0.015421,0.158848,-0.001623
3085.624000,-0.347619,0.083385,0.289115,-1.857404,-2.012861,0.536301,-0.064976,-0.005222,-0.003897,-0.015244,0.156525,-0.001617
3085.632000,-0.348134,0.083361,0.289069,-1.856774,-2.012014,0.537409,-0.063855,-0.005120,-0.007976,-0.014056,0.143044,-0.001606
3085.640000,-0.348655,0.083291,0.289044,-1.855997,-2.011273,0.538596,-0.064993,-0.005220,-0.004136,-0.015396,0.158272,-0.001650
3085.648000,-0.349173,0.083271,0.288977,-1.855386,-2.010445,0.539663,-0.063816,-0.005117,-0.006724,-0.014470,0.147897,-0.001626
3085.656000,-0.349684,0.083228,0.288939,-1.854667,-2.009690,0.540752,-0.064697,-0.005190,-0.004598,-0.015213,0.156277,-0.001650
3085.664000,-0.350198,0.083186,0.288902,-1.854024,-2.008940,0.541920,-0.064843,-0.005206,-0.004615,-0.014966,0.153195,-0.001620
3085.672000,-0.350714,0.083132,0.288866,-1.853270,-2.008133,0.543136,-0.064440,-0.005168,-0.004389,-0.015322,0.157605,-0.001665
3085.680000,-0.351223,0.083106,0.288858,-1.852497,-2.007219,0.544362,-0.064893,-0.005200,-0.006436,-0.014850,0.151906,-0.001670
3085.688000,-0.351736,0.083063,0.288784,-1.851868,-2.006563,0.545376,-0.064494,-0.005170,-0.005915,-0.014754,0.150836,-0.001646
3085.696000,-0.352249,0.083007,0.288746,-1.851121,-2.005774,0.546536,-0.064850,-0.005200,-0.006694,-0.014627,0.149086,-0.001653
3085.704000,-0.352767,0.082980,0.288683,-1.850527,-2.004986,0.547620,-0.063837,-0.005109,-0.008537,-0.014122,0.143659,-0.001658
3085.712000,-0.353271,0.082941,0.288629,-1.849819,-2.004222,0.548713,-0.063815,-0.005110,-0.008642,-0.013869,0.140563,-0.001630
3085.720000,-0.353780,0.082902,0.288543,-1.849225,-2.003530,0.549659,-0.063825,-0.005109,-0.007586,-0.014287,0.145526,-0.001655
3085.728000,-0.354294,0.082863,0.288487,-1.848561,-2.002686,0.550788,-0.062966,-0.005036,-0.008461,-0.013963,0.142042,-0.001649
3085.736000,-0.354799,0.082829,0.288422,-1.847924,-2.001948,0.551859,-0.063890,-0.005108,-0.010153,-0.013669,0.138223,-0.001661
3085.744000,-0.355316,0.082763,0.288327,-1.847241,-2.001313,0.552891,-0.063566,-0.005086,-0.009467,-0.013797,0.139718,-0.001659
3085.752000,-0.355816,0.082733,0.288233,-1.846703,-2.000611,0.553867,-0.063594,-0.005087,-0.010387,-0.013429,0.135357,-0.001643
3085.760000,-0.356326,0.082705,0.288151,-1.846136,-1.999863,0.554861,-0.063329,-0.005065,-0.009806,-0.013414,0.135271,-0.001627
3085.768000,-0.356843,0.082650,0.288093,-1.845442,-1.999151,0.555891,-0.063288,-0.005061,-0.010170,-0.013442,0.135562,-0.001645
3085.776000,-0.357336,0.082607,0.288002,-1.844846,-1.998537,0.556856,-0.062321,-0.004974,-0.012965,-0.012826,0.128783,-0.001663
3085.784000,-0.357835,0.082581,0.287897,-1.844298,-1.997804,0.557802,-0.062133,-0.004962,-0.012108,-0.012699,0.127255,-0.001622
3085.792000,-0.358328,0.082528,0.287810,-1.843659,-1.997153,0.558812,-0.062276,-0.004967,-0.014581,-0.012437,0.124183,-0.001668
3085.800000,-0.358832,0.082493,0.287688,-1.843146,-1.996554,0.559629,-0.062347,-0.004978,-0.014210,-0.012207,0.121297,-0.001627
3085.808000,-0.359330,0.082452,0.287599,-1.842574,-1.995855,0.560623,-0.062664,-0.004999,-0.013886,-0.012590,0.125767,-0.001668
3085.816000,-0.359837,0.082416,0.287483,-1.842005,-1.995177,0.561563,-0.062543,-0.004986,-0.013311,-0.012817,0.128534,-0.001684
3085.824000,-0.360329,0.082362,0.287386,-1.841367,-1.994556,0.562490,-0.063000,-0.005027,-0.011479,-0.013383,0.134932,-0.001700
3085.832000,-0.360833,0.082321,0.287274,-1.840836,-1.993952,0.563369,-0.062357,-0.004975,-0.013523,-0.012583,0.125667,-0.001665
3085.840000,-0.361329,0.082286,0.287131,-1.840298,-1.993397,0.564150,-0.061825,-0.004928,-0.013077,-0.012775,0.128224,-0.001684
3085.848000,-0.361822,0.082260,0.287005,-1.839824,-1.992703,0.565037,-0.060902,-0.004848,-0.018776,-0.011021,0.107879,-0.001639
3085.856000,-0.362330,0.082218,0.286859,-1.839327,-1.992082,0.565844,-0.061661,-0.004906,-0.015621,-0.012283,0.122560,-0.001705
3085.864000,-0.362823,0.082166,0.286737,-1.838783,-1.991507,0.566779,-0.061738,-0.004919,-0.015945,-0.011907,0.117907,-0.001665
3085.872000,-0.363323,0.082148,0.286612,-1.838244,-1.990839,0.567648,-0.061437,-0.004886,-0.016968,-0.011736,0.116136,-0.001681
3085.880000,-0.363814,0.082098,0.286502,-1.837631,-1.990222,0.568614,-0.061343,-0.004880,-0.014921,-0.012325,0.123100,-0.001698
3085.888000,-0.364309,0.082041,0.286380,-1.837026,-1.989581,0.569530,-0.060564,-0.004818,-0.018040,-0.011322,0.111452,-0.001669
3085.896000,-0.364791,0.082014,0.286238,-1.836576,-1.988966,0.570343,-0.060225,-0.004789,-0.018984,-0.010934,0.107001,-0.001651
3085.904000,-0.365275,0.081975,0.286067,-1.836069,-1.988508,0.571060,-0.059564,-0.004734,-0.023273,-0.009623,0.091742,-0.001616
3085.912000,-0.365756,0.081947,0.285954,-1.835607,-1.987790,0.571929,-0.060274,-0.004787,-0.019612,-0.010939,0.107102,-0.001676
3085.920000,-0.366245,0.081904,0.285822,-1.835071,-1.987195,0.572784,-0.060714,-0.004829,-0.019318,-0.010769,0.104749,-0.001641
3085.928000,-0.366718,0.081871,0.285620,-1.834653,-1.986725,0.573418,-0.060018,-0.004765,-0.021231,-0.010435,0.101198,-0.001665
3085.936000,-0.367205,0.081823,0.285461,-1.834116,-1.986208,0.574226,-0.059667,-0.004737,-0.021418,-0.010355,0.100363,-0.001664
3085.944000,-0.367691,0.081801,0.285298,-1.833742,-1.985608,0.574977,-0.059504,-0.004723,-0.023062,-0.009727,0.092974,-0.001634
3085.952000,-0.368168,0.081755,0.285149,-1.833224,-1.985123,0.575703,-0.059476,-0.004722,-0.021451,-0.010153,0.097980,-0.001643
3085.960000,-0.368640,0.081714,0.284957,-1.832831,-1.984613,0.576405,-0.059491,-0.004723,-0.023227,-0.009664,0.092142,-0.001633
3085.968000,-0.369114,0.081678,0.284760,-1.832448,-1.984128,0.577096,-0.059392,-0.004708,-0.021569,-0.010409,0.101123,-0.001687
3085.976000,-0.369593,0.081640,0.284559,-1.832014,-1.983642,0.577712,-0.059678,-0.004733,-0.022558,-0.010125,0.097578,-0.001678
3085.984000,-0.370076,0.081602,0.284406,-1.831537,-1.983116,0.578527,-0.058823,-0.004663,-0.024234,-0.009474,0.090205,-0.001650
3085.992000,-0.370547,0.081562,0.284194,-1.831200,-1.982713,0.579147,-0.059369,-0.004707,-0.022567,-0.010013,0.096341,-0.001669
3086.000000,-0.371017,0.081524,0.283994,-1.830765,-1.982226,0.579762,-0.058861,-0.004671,-0.022974,-0.009563,0.091088,-0.001624
3086.008000,-0.371486,0.081486,0.283814,-1.830370,-1.981720,0.580468,-0.058732,-0.004657,-0.024020,-0.009417,0.089459,-0.001641
3086.016000,-0.371968,0.081444,0.283615,-1.829943,-1.981264,0.581111,-0.058902,-0.004667,-0.025842,-0.009137,0.086120,-0.001661
3086.024000,-0.372433,0.081419,0.283426,-1.829534,-1.980725,0.581841,-0.058107,-0.004599,-0.026619,-0.008842,0.082994,-0.001652
3086.032000,-0.372895,0.081381,0.283236,-1.829093,-1.980263,0.582454,-0.057911,-0.004586,-0.027963,-0.008298,0.076550,-0.001622
3086.040000,-0.373363,0.081338,0.283031,-1.828709,-1.979842,0.583081,-0.058687,-0.004647,-0.025251,-0.009304,0.088160,-0.001672
3086.048000,-0.373831,0.081311,0.282799,-1.828364,-1.979402,0.583636,-0.058164,-0.004605,-0.027158,-0.008533,0.079181,-0.001630
3086.056000,-0.374288,0.081256,0.282589,-1.828015,-1.978995,0.584265,-0.057302,-0.004536,-0.029666,-0.007816,0.071030,-0.001617
3086.064000,-0.374747,0.081235,0.282374,-1.827666,-1.978545,0.584799,-0.057277,-0.004531,-0.028335,-0.008176,0.075324,-0.001627
3086.072000,-0.375215,0.081195,0.282153,-1.827296,-1.978178,0.585396,-0.057769,-0.004568,-0.029693,-0.008057,0.073756,-0.001652
3086.080000,-0.375669,0.081166,0.281921,-1.827006,-1.977761,0.585872,-0.057664,-0.004558,-0.027862,-0.008555,0.079699,-0.001666
3086.088000,-0.376128,0.081125,0.281663,-1.826765,-1.977376,0.586398,-0.056727,-0.004484,-0.032741,-0.006973,0.061273,-0.001607
3086.096000,-0.376582,0.081088,0.281400,-1.826465,-1.977095,0.586837,-0.056956,-0.004502,-0.030555,-0.007629,0.068939,-0.001629
3086.104000,-0.377046,0.081058,0.281166,-1.826122,-1.976702,0.587403,-0.057682,-0.004556,-0.028731,-0.008395,0.077783,-0.001676
3086.112000,-0.377496,0.081019,0.280886,-1.825898,-1.976442,0.587757,-0.056832,-0.004490,-0.030129,-0.007757,0.070506,-0.001638
3086.120000,-0.377959,0.080979,0.280631,-1.825576,-1.976074,0.588261,-0.056310,-0.004449,-0.032642,-0.006942,0.061006,-0.001607
3086.128000,-0.378410,0.080933,0.280391,-1.825257,-1.975733,0.588808,-0.056566,-0.004465,-0.032341,-0.007379,0.066165,-0.001659
3086.136000,-0.378871,0.080893,0.280123,-1.824977,-1.975386,0.589273,-0.056431,-0.004453,-0.031061,-0.007783,0.071013,-0.001678
3086.144000,-0.379313,0.080873,0.279860,-1.824732,-1.975025,0.589670,-0.055995,-0.004420,-0.033147,-0.006881,0.060410,-0.001621
3086.152000,-0.379770,0.080840,0.279589,-1.824481,-1.974685,0.590153,-0.055731,-0.004392,-0.033895,-0.006951,0.061462,-0.001658
3086.160000,-0.380215,0.080805,0.279309,-1.824239,-1.974381,0.590546,-0.055978,-0.004416,-0.032880,-0.007039,0.062301,-0.001637
3086.168000,-0.380667,0.080763,0.279059,-1.823886,-1.974072,0.591065,-0.055845,-0.004405,-0.032561,-0.007118,0.063267,-0.001641
3086.176000,-0.381119,0.080718,0.278787,-1.823644,-1.973782,0.591507,-0.054422,-0.004289,-0.036611,-0.005938,0.049901,-0.001613
3086.184000,-0.381553,0.080700,0.278523,-1.823390,-1.973380,0.591927,-0.055354,-0.004363,-0.034742,-0.006507,0.056222,-0.001629
3086.192000,-0.381995,0.080656,0.278223,-1.823169,-1.973130,0.592300,-0.055910,-0.004410,-0.033255,-0.006994,0.061728,-0.001648
3086.200000,-0.382437,0.080628,0.277993,-1.822838,-1.972698,0.592825,-0.055251,-0.004358,-0.035853,-0.006061,0.050886,-0.001603
3086.208000,-0.382881,0.080594,0.277697,-1.822657,-1.972388,0.593196,-0.054929,-0.004329,-0.036265,-0.006032,0.050711,-0.001615
3086.216000,-0.383322,0.080549,0.277396,-1.822464,-1.972188,0.593617,-0.054913,-0.004333,-0.036752,-0.005663,0.046215,-0.001578
3086.224000,-0.383756,0.080513,0.277131,-1.822162,-1.971877,0.594013,-0.054514,-0.004297,-0.036716,-0.005808,0.048156,-0.001602
3086.232000,-0.384192,0.080486,0.276832,-1.821979,-1.971627,0.594344,-0.054165,-0.004269,-0.039489,-0.004920,0.037725,-0.001565
3086.240000,-0.384618,0.080457,0.276545,-1.821776,-1.971358,0.594713,-0.054589,-0.004304,-0.039087,-0.005029,0.038803,-0.001566
3086.248000,-0.385064,0.080402,0.276223,-1.821571,-1.971229,0.595002,-0.054764,-0.004318,-0.037598,-0.005598,0.045485,-0.001600
3086.256000,-0.385492,0.080374,0.275910,-1.821378,-1.971026,0.595262,-0.053839,-0.004240,-0.040721,-0.004740,0.035738,-0.001584
3086.264000,-0.385931,0.080347,0.275583,-1.821255,-1.970742,0.595530,-0.054113,-0.004261,-0.041048,-0.004728,0.035470,-0.001591
3086.272000,-0.386364,0.080298,0.275285,-1.821024,-1.970512,0.595918,-0.053800,-0.004239,-0.040178,-0.004849,0.036980,-0.001584
3086.280000,-0.386790,0.080276,0.274931,-1.820943,-1.970355,0.596052,-0.053689,-0.004226,-0.040435,-0.004875,0.037367,-0.001597
3086.288000,-0.387212,0.080236,0.274603,-1.820773,-1.970246,0.596292,-0.053259,-0.004195,-0.042001,-0.004253,0.030098,-0.001560
3086.296000,-0.387638,0.080215,0.274267,-1.820655,-1.970021,0.596558,-0.053133,-0.004184,-0.042371,-0.004039,0.027567,-0.001542
3086.304000,-0.388065,0.080171,0.273913,-1.820539,-1.969868,0.596808,-0.052955,-0.004165,-0.042948,-0.004201,0.029665,-0.001587
3086.312000,-0.388493,0.080141,0.273561,-1.820477,-1.969753,0.596965,-0.053228,-0.004186,-0.042122,-0.004465,0.032673,-0.001598
3086.320000,-0.388915,0.080117,0.273187,-1.820434,-1.969621,0.597029,-0.052831,-0.004159,-0.043098,-0.003841,0.025298,-0.001540
3086.328000,-0.389339,0.080087,0.272829,-1.820371,-1.969480,0.597211,-0.051847,-0.004074,-0.045392,-0.003361,0.020100,-0.001551
3086.336000,-0.389767,0.080033,0.272455,-1.820265,-1.969404,0.597334,-0.052653,-0.004145,-0.042321,-0.004143,0.028943,-0.001562
3086.344000,-0.390187,0.080005,0.272127,-1.820139,-1.969237,0.597549,-0.052569,-0.004133,-0.041976,-0.004467,0.032909,-0.001601
3086.352000,-0.390602,0.079974,0.271759,-1.820045,-1.969122,0.597759,-0.052412,-0.004122,-0.044630,-0.003651,0.023226,-0.001567
3086.360000,-0.391019,0.079932,0.271420,-1.820001,-1.968976,0.598020,-0.052625,-0.004142,-0.043165,-0.003936,0.026449,-0.001561
3086.368000,-0.391428,0.079917,0.271081,-1.819882,-1.968745,0.598212,-0.051996,-0.004083,-0.044722,-0.003766,0.024818,-0.001591
3086.376000,-0.391843,0.079882,0.270702,-1.819800,-1.968680,0.598289,-0.052002,-0.004087,-0.045126,-0.003510,0.021694,-0.001566
3086.384000,-0.392251,0.079857,0.270326,-1.819795,-1.968538,0.598455,-0.052188,-0.004104,-0.044786,-0.003428,0.020546,-0.001542
3086.392000,-0.392661,0.079819,0.269986,-1.819611,-1.968456,0.598653,-0.051290,-0.004026,-0.046874,-0.003109,0.017254,-0.001569
3086.400000,-0.393074,0.079790,0.269640,-1.819520,-1.968255,0.598836,-0.051689,-0.004062,-0.045526,-0.003276,0.018952,-0.001548
3086.408000,-0.393491,0.079747,0.269260,-1.819422,-1.968218,0.598964,-0.051918,-0.004083,-0.045747,-0.003195,0.017834,-0.001541
3086.416000,-0.393889,0.079725,0.268892,-1.819366,-1.968150,0.599040,-0.050574,-0.003972,-0.049074,-0.002254,0.007262,-0.001518
3086.424000,-0.394307,0.079679,0.268538,-1.819285,-1.967998,0.599244,-0.051434,-0.004044,-0.047724,-0.002686,0.011969,-0.001533
3086.432000,-0.394715,0.079651,0.268151,-1.819272,-1.967911,0.599351,-0.051523,-0.004050,-0.047339,-0.002806,0.013349,-0.001538
3086.440000,-0.395119,0.079642,0.267748,-1.819330,-1.967848,0.599339,-0.050941,-0.004001,-0.049048,-0.002234,0.006764,-0.001512
3086.448000,-0.395531,0.079602,0.267350,-1.819278,-1.967853,0.599436,-0.050801,-0.003991,-0.048018,-0.002439,0.009228,-0.001511
3086.456000,-0.395931,0.079571,0.266987,-1.819212,-1.967749,0.599572,-0.050416,-0.003962,-0.049526,-0.001908,0.003010,-0.001482
3086.464000,-0.396342,0.079524,0.266587,-1.819185,-1.967706,0.599598,-0.050450,-0.003964,-0.050840,-0.001789,0.001630,-0.001506
3086.472000,-0.396746,0.079496,0.266214,-1.819158,-1.967628,0.599702,-0.051051,-0.004011,-0.048295,-0.002514,0.009968,-0.001530
3086.480000,-0.397149,0.079457,0.265773,-1.819223,-1.967707,0.599656,-0.050493,-0.003966,-0.049996,-0.002057,0.004772,-0.001520
3086.488000,-0.397555,0.079426,0.265388,-1.819241,-1.967664,0.599678,-0.050562,-0.003976,-0.050555,-0.001735,0.000816,-0.001488
